 U(i)
    1 -0.1513038E-04  0.0000000E+00
    2 -0.1529191E-04 -0.3760851E-05
    3 -0.1546869E-04 -0.7415913E-05
    4 -0.1566335E-04 -0.1085548E-04
    5 -0.1582800E-04 -0.1394140E-04
    6 -0.1583899E-04 -0.1652694E-04
    7 -0.1547727E-04 -0.1847549E-04
    8 -0.1440973E-04 -0.1969729E-04
    9 -0.1219820E-04 -0.2021305E-04
   10 -0.8422247E-05 -0.2023525E-04
   11 -0.3238868E-05 -0.2018093E-04
   12 -0.1259622E-04  0.0000000E+00
   13 -0.1277788E-04 -0.3858747E-05
   14 -0.1303945E-04 -0.7664716E-05
   15 -0.1340083E-04 -0.1131993E-04
   16 -0.1381817E-04 -0.1472300E-04
   17 -0.1416824E-04 -0.1776563E-04
   18 -0.1422101E-04 -0.2033407E-04
   19 -0.1360697E-04 -0.2232126E-04
   20 -0.1180823E-04 -0.2365546E-04
   21 -0.8269446E-05 -0.2435156E-04
   22 -0.2859733E-05 -0.2465350E-04
   23 -0.9919931E-05  0.0000000E+00
   24 -0.1006209E-04 -0.4160091E-05
   25 -0.1035398E-04 -0.8325444E-05
   26 -0.1080851E-04 -0.1243266E-04
   27 -0.1138587E-04 -0.1641948E-04
   28 -0.1197970E-04 -0.2020380E-04
   29 -0.1238601E-04 -0.2366259E-04
   30 -0.1225813E-04 -0.2661579E-04
   31 -0.1106034E-04 -0.2883111E-04
   32 -0.8033566E-05 -0.3011872E-04
   33 -0.2167053E-05 -0.3074605E-04
   34 -0.6945138E-05  0.0000000E+00
   35 -0.7003841E-05 -0.4562709E-05
   36 -0.7260317E-05 -0.9190647E-05
   37 -0.7709851E-05 -0.1388018E-04
   38 -0.8323005E-05 -0.1863209E-04
   39 -0.9035842E-05 -0.2341385E-04
   40 -0.9718638E-05 -0.2811796E-04
   41 -0.1011878E-04 -0.3251524E-04
   42 -0.9749183E-05 -0.3622250E-04
   43 -0.7605095E-05 -0.3878283E-04
   44 -0.1514157E-05 -0.4010639E-04
   45 -0.3615261E-05  0.0000000E+00
   46 -0.3569585E-05 -0.4923441E-05
   47 -0.3721113E-05 -0.9961150E-05
   48 -0.4035670E-05 -0.1520141E-04
   49 -0.4497738E-05 -0.2074576E-04
   50 -0.5100318E-05 -0.2667421E-04
   51 -0.5817292E-05 -0.3300886E-04
   52 -0.6551570E-05 -0.3964895E-04
   53 -0.6991614E-05 -0.4626467E-04
   54 -0.6160010E-05 -0.5214738E-04
   55 -0.7439553E-06 -0.5628266E-04
   56  0.0000000E+00  0.0000000E+00
   57  0.1283236E-06 -0.5067555E-05
   58  0.1408813E-06 -0.1026402E-04
   59  0.1046175E-06 -0.1577148E-04
   60  0.2713847E-07 -0.2179201E-04
   61 -0.1084070E-06 -0.2857949E-04
   62 -0.3256160E-06 -0.3648120E-04
   63 -0.6151226E-06 -0.4601669E-04
   64 -0.8123694E-06 -0.5803071E-04
   65 -0.9948342E-07 -0.7401255E-04
   66  0.9063932E-05 -0.9850668E-04
   67  0.3692582E-05  0.0000000E+00
   68  0.3833817E-05 -0.4880694E-05
   69  0.4027950E-05 -0.9850610E-05
   70  0.4322412E-05 -0.1505143E-04
   71  0.4730729E-05 -0.2061861E-04
   72  0.5250940E-05 -0.2668822E-04
   73  0.5886309E-05 -0.3339420E-04
   74  0.6688804E-05 -0.4085025E-04
   75  0.7845430E-05 -0.4907773E-04
   76  0.9978715E-05 -0.5772333E-04
   77  0.3242193E-06 -0.5629806E-04
   78  0.7182368E-05  0.0000000E+00
   79  0.7306212E-05 -0.4568968E-05
   80  0.7618850E-05 -0.9174848E-05
   81  0.8136377E-05 -0.1390537E-04
   82  0.8844895E-05 -0.1882056E-04
   83  0.9699211E-05 -0.2394537E-04
   84  0.1061517E-04 -0.2923829E-04
   85  0.1144224E-04 -0.3450137E-04
   86  0.1178184E-04 -0.3912441E-04
   87  0.8109478E-05 -0.4030046E-04
   88 -0.9016572E-06 -0.4006532E-04
   89  0.1037110E-04  0.0000000E+00
   90  0.1045188E-04 -0.4224387E-05
   91  0.1081511E-04 -0.8435386E-05
   92  0.1143330E-04 -0.1265337E-04
   93  0.1224365E-04 -0.1685470E-04
   94  0.1312864E-04 -0.2097200E-04
   95  0.1385235E-04 -0.2484230E-04
   96  0.1393624E-04 -0.2809215E-04
   97  0.1206812E-04 -0.2981965E-04
   98  0.7297217E-05 -0.3020681E-04
   99 -0.4191895E-06 -0.3045815E-04
  100  0.1324575E-04  0.0000000E+00
  101  0.1327852E-04 -0.3966560E-05
  102  0.1363507E-04 -0.7888955E-05
  103  0.1422373E-04 -0.1168212E-04
  104  0.1494558E-04 -0.1524844E-04
  105  0.1560979E-04 -0.1844798E-04
  106  0.1583365E-04 -0.2106147E-04
  107  0.1489605E-04 -0.2274402E-04
  108  0.1207968E-04 -0.2343997E-04
  109  0.7056362E-05 -0.2353381E-04
  110  0.1646091E-06 -0.2372532E-04
  111  0.1589463E-04  0.0000000E+00
  112  0.1593759E-04 -0.3982513E-05
  113  0.1621759E-04 -0.7852725E-05
  114  0.1665101E-04 -0.1146259E-04
  115  0.1710881E-04 -0.1463069E-04
  116  0.1734493E-04 -0.1712050E-04
  117  0.1690257E-04 -0.1864699E-04
  118  0.1523066E-04 -0.1910912E-04
  119  0.1190471E-04 -0.1876793E-04
  120  0.6840189E-05 -0.1823348E-04
  121  0.2632540E-06 -0.1813483E-04
 STRESS
    1  0.2307611E-02 -0.1775497E+00 -0.2307611E-02
    2  0.6627755E-02 -0.1696321E+00 -0.3924002E-02
    3  0.1167426E-01 -0.1560059E+00 -0.6335090E-02
    4  0.1759152E-01 -0.1352211E+00 -0.8987235E-02
    5  0.2452562E-01 -0.1067706E+00 -0.1132273E-01
    6  0.3186235E-01 -0.7154614E-01 -0.1252804E-01
    7  0.3786152E-01 -0.3294033E-01 -0.1130066E-01
    8  0.3933673E-01  0.1664777E-02 -0.5891921E-02
    9  0.3215719E-01  0.2038097E-01  0.4764849E-02
   10  0.1620137E-01  0.1338769E-01  0.1524376E-01
   11 -0.5011364E-02 -0.1870908E+00 -0.3993615E-02
   12 -0.9263170E-02 -0.1874121E+00 -0.7291090E-02
   13 -0.1493937E-01 -0.1840174E+00 -0.1179760E-01
   14 -0.2219012E-01 -0.1768443E+00 -0.1712772E-01
   15 -0.3065704E-01 -0.1653252E+00 -0.2269646E-01
   16 -0.3908890E-01 -0.1483659E+00 -0.2730515E-01
   17 -0.4474547E-01 -0.1244585E+00 -0.2871318E-01
   18 -0.4281396E-01 -0.9207576E-01 -0.2348104E-01
   19 -0.2668028E-01 -0.5093478E-01 -0.8250473E-02
   20  0.1524376E-01 -0.4215409E-02  0.1338769E-01
   21  0.8896317E-02 -0.1778190E+00 -0.2595091E-02
   22  0.1529801E-01 -0.1710379E+00 -0.8041677E-02
   23  0.2131409E-01 -0.1598484E+00 -0.1460152E-01
   24  0.2773794E-01 -0.1435589E+00 -0.2185815E-01
   25  0.3461817E-01 -0.1218084E+00 -0.2923642E-01
   26  0.4082078E-01 -0.9509283E-01 -0.3558500E-01
   27  0.4373251E-01 -0.6547319E-01 -0.3877822E-01
   28  0.3937492E-01 -0.3728317E-01 -0.3565422E-01
   29  0.2432709E-01 -0.1692987E-01 -0.2338383E-01
   30  0.2964811E-02 -0.1240137E-01 -0.5106316E-02
   31 -0.4937555E-02 -0.2013913E+00 -0.6335708E-02
   32 -0.7836648E-02 -0.2035746E+00 -0.1360880E-01
   33 -0.1249904E-01 -0.2039144E+00 -0.2238942E-01
   34 -0.1933567E-01 -0.2027392E+00 -0.3248354E-01
   35 -0.2865820E-01 -0.1993113E+00 -0.4331434E-01
   36 -0.4035864E-01 -0.1916099E+00 -0.5335465E-01
   37 -0.5313981E-01 -0.1760553E+00 -0.5952366E-01
   38 -0.6248481E-01 -0.1471477E+00 -0.5682665E-01
   39 -0.5335940E-01 -0.9688769E-01 -0.3914826E-01
   40  0.2352513E-01 -0.1418947E-01 -0.3229094E-02
   41  0.1726282E-01 -0.1865910E+00 -0.2030794E-02
   42  0.2411519E-01 -0.1822733E+00 -0.9921526E-02
   43  0.3047272E-01 -0.1752665E+00 -0.1885335E-01
   44  0.3778069E-01 -0.1646616E+00 -0.2892692E-01
   45  0.4628446E-01 -0.1493495E+00 -0.4009192E-01
   46  0.5468586E-01 -0.1282469E+00 -0.5166214E-01
   47  0.5987701E-01 -0.1007107E+00 -0.6182134E-01
   48  0.5678339E-01 -0.6763558E-01 -0.6716652E-01
   49  0.3880742E-01 -0.3544314E-01 -0.6235162E-01
   50  0.8786088E-03 -0.2928715E-01 -0.3996564E-01
   51  0.1409086E-02 -0.2163325E+00 -0.6590311E-02
   52  0.7171590E-03 -0.2198999E+00 -0.1602398E-01
   53 -0.2374098E-02 -0.2248938E+00 -0.2710076E-01
   54 -0.9006159E-02 -0.2322854E+00 -0.4036799E-01
   55 -0.2091275E-01 -0.2416448E+00 -0.5604117E-01
   56 -0.4017492E-01 -0.2507886E+00 -0.7340238E-01
   57 -0.6790011E-01 -0.2546608E+00 -0.8999406E-01
   58 -0.9945842E-01 -0.2428419E+00 -0.1003113E+00
   59 -0.1095783E+00 -0.1949726E+00 -0.9314314E-01
   60 -0.1966960E-01 -0.7613979E-01 -0.4670572E-01
   61  0.2469175E-01 -0.2008107E+00 -0.8386242E-03
   62  0.2991124E-01 -0.2004371E+00 -0.8817247E-02
   63  0.3538716E-01 -0.1997196E+00 -0.1742909E-01
   64  0.4339218E-01 -0.1973532E+00 -0.2763403E-01
   65  0.5463649E-01 -0.1912787E+00 -0.4037874E-01
   66  0.6852419E-01 -0.1783225E+00 -0.5633080E-01
   67  0.8312819E-01 -0.1539753E+00 -0.7558628E-01
   68  0.9391732E-01 -0.1139247E+00 -0.9663021E-01
   69  0.9005864E-01 -0.6188126E-01 -0.1128298E+00
   70  0.4823233E-01 -0.3087184E-01 -0.1039088E+00
   71  0.1302533E-01 -0.2257660E+00 -0.4500796E-02
   72  0.1549133E-01 -0.2295633E+00 -0.1317186E-01
   73  0.1548658E-01 -0.2392116E+00 -0.2336835E-01
   74  0.1105971E-01 -0.2566438E+00 -0.3679633E-01
   75 -0.1437801E-02 -0.2832655E+00 -0.5518486E-01
   76 -0.2757894E-01 -0.3200360E+00 -0.8011246E-01
   77 -0.7367284E-01 -0.3653100E+00 -0.1123999E+00
   78 -0.1416783E+00 -0.4094866E+00 -0.1497460E+00
   79 -0.2122905E+00 -0.4216560E+00 -0.1790422E+00
   80 -0.1702842E+00 -0.3104406E+00 -0.1537174E+00
   81  0.2854004E-01 -0.2154229E+00  0.6525079E-03
   82  0.2909455E-01 -0.2204945E+00 -0.4223452E-02
   83  0.3158484E-01 -0.2284794E+00 -0.8820417E-02
   84  0.3806139E-01 -0.2386427E+00 -0.1474489E-01
   85  0.4907812E-01 -0.2495882E+00 -0.2355466E-01
   86  0.6589805E-01 -0.2577180E+00 -0.3746077E-01
   87  0.9128138E-01 -0.2553405E+00 -0.6009448E-01
   88  0.1307970E+00 -0.2278364E+00 -0.9725402E-01
   89  0.1934947E+00 -0.1511326E+00 -0.1562062E+00
   90  0.2831723E+00 -0.8136360E-02 -0.2349872E+00
   91  0.2738905E-01 -0.2230528E+00 -0.2255840E-03
   92  0.3408711E-01 -0.2247260E+00 -0.4147346E-02
   93  0.4016983E-01 -0.2354801E+00 -0.8661980E-02
   94  0.4381637E-01 -0.2574809E+00 -0.1605321E-01
   95  0.4002205E-01 -0.2965320E+00 -0.2915465E-01
   96  0.1918897E-01 -0.3634791E+00 -0.5270779E-01
   97 -0.3604689E-01 -0.4781023E+00 -0.9510349E-01
   98 -0.1568659E+00 -0.6766735E+00 -0.1709040E+00
   99 -0.3937741E+00 -0.1023556E+01 -0.3021754E+00
  100 -0.5589888E+00 -0.1539047E+01 -0.4722944E+00
  101  0.2693243E-01 -0.2233572E+00  0.1833194E-02
  102  0.2067280E-01 -0.2336689E+00  0.2848837E-02
  103  0.1846542E-01 -0.2499497E+00  0.5387826E-02
  104  0.1749512E-01 -0.2750284E+00  0.9179598E-02
  105  0.1530882E-01 -0.3130075E+00  0.1482646E-01
  106  0.7846463E-02 -0.3710408E+00  0.2391521E-01
  107 -0.1243449E-01 -0.4623607E+00  0.3996414E-01
  108 -0.6046459E-01 -0.6124059E+00  0.7098846E-01
  109 -0.1711508E+00 -0.8751404E+00  0.1380838E+00
  110 -0.5358192E+00 -0.1523600E+01  0.3636090E+00
  111  0.3871691E-01 -0.2066027E+00  0.4687088E-02
  112  0.4918218E-01 -0.2038745E+00  0.8679214E-02
  113  0.6433556E-01 -0.2047677E+00  0.1449304E-01
  114  0.8504025E-01 -0.2084103E+00  0.2259591E-01
  115  0.1125380E+00 -0.2140035E+00  0.3444978E-01
  116  0.1492516E+00 -0.2198315E+00  0.5317665E-01
  117  0.1999909E+00 -0.2217227E+00  0.8527048E-01
  118  0.2719555E+00 -0.2104809E+00  0.1444230E+00
  119  0.3698112E+00 -0.1651546E+00  0.2631786E+00
  120 -0.6676741E+00 -0.3772459E+00  0.4650590E+00
  121  0.2022770E-01 -0.2189289E+00  0.2017648E-02
  122  0.1363871E-01 -0.2275702E+00  0.7226561E-02
  123  0.1060170E-01 -0.2405903E+00  0.1386034E-01
  124  0.8786682E-02 -0.2592461E+00  0.2220544E-01
  125  0.5808265E-02 -0.2851566E+00  0.3311798E-01
  126 -0.1918727E-02 -0.3206117E+00  0.4826018E-01
  127 -0.2072902E-01 -0.3688693E+00  0.7083429E-01
  128 -0.6270384E-01 -0.4335872E+00  0.1072215E+00
  129 -0.1566278E+00 -0.5161139E+00  0.1726657E+00
  130 -0.7877620E-01  0.1535265E-01  0.1109767E+00
  131  0.3654997E-01 -0.1932033E+00  0.6222436E-02
  132  0.4459830E-01 -0.1895954E+00  0.1412000E-01
  133  0.5659602E-01 -0.1875321E+00  0.2376560E-01
  134  0.7177439E-01 -0.1862074E+00  0.3580807E-01
  135  0.8843414E-01 -0.1850824E+00  0.5138799E-01
  136  0.1028782E+00 -0.1834584E+00  0.7245520E-01
  137  0.1066905E+00 -0.1794957E+00  0.1025136E+00
  138  0.7323272E-01 -0.1713231E+00  0.1470415E+00
  139 -0.2274232E+00 -0.2076179E+00  0.1964357E+00
  140 -0.9163842E-01 -0.4989501E-01  0.1031657E+00
  141  0.1223605E-01 -0.2094126E+00  0.1769209E-02
  142  0.6435967E-02 -0.2150369E+00  0.9388842E-02
  143  0.3649752E-02 -0.2228296E+00  0.1795698E-01
  144  0.1724627E-02 -0.2329073E+00  0.2800729E-01
  145 -0.1524327E-02 -0.2450548E+00  0.4028827E-01
  146 -0.8502060E-02 -0.2577120E+00  0.5556194E-01
  147 -0.2327459E-01 -0.2661391E+00  0.7461520E-01
  148 -0.5040299E-01 -0.2537469E+00  0.9641163E-01
  149 -0.4266456E-01 -0.8444545E-01  0.8046284E-01
  150 -0.5618560E-01 -0.2625980E-01  0.1546457E-01
  151  0.2823551E-01 -0.1823376E+00  0.6076649E-02
  152  0.3333651E-01 -0.1782994E+00  0.1575265E-01
  153  0.4156529E-01 -0.1731463E+00  0.2671686E-01
  154  0.5124607E-01 -0.1658992E+00  0.3966025E-01
  155  0.5867660E-01 -0.1569440E+00  0.5511945E-01
  156  0.5631214E-01 -0.1467590E+00  0.7313865E-01
  157  0.2806526E-01 -0.1360445E+00  0.9275864E-01
  158 -0.7417596E-01 -0.1317126E+00  0.1062378E+00
  159 -0.9174554E-01 -0.7959971E-01  0.7603931E-01
  160  0.2699186E-01  0.6025806E-02  0.2701088E-01
  161  0.5005343E-02 -0.1978244E+00  0.1154060E-02
  162  0.1654721E-02 -0.1994206E+00  0.8872158E-02
  163  0.6829387E-03 -0.2004012E+00  0.1663741E-01
  164 -0.8955849E-03 -0.2006603E+00  0.2545153E-01
  165 -0.3679893E-02 -0.1985150E+00  0.3558927E-01
  166 -0.8490301E-02 -0.1899606E+00  0.4639609E-01
  167 -0.1588005E-01 -0.1653414E+00  0.5521027E-01
  168 -0.1644475E-01 -0.9322508E-01  0.4971445E-01
  169 -0.2113246E-01 -0.3252432E-01  0.2298254E-01
  170 -0.3500723E-01 -0.3530692E-01 -0.1490587E-01
  171  0.1562266E-01 -0.1784687E+00  0.4151361E-02
  172  0.1757386E-01 -0.1750648E+00  0.1289965E-01
  173  0.2242800E-01 -0.1656749E+00  0.2228455E-01
  174  0.2780469E-01 -0.1512881E+00  0.3325877E-01
  175  0.2983881E-01 -0.1324669E+00  0.4554595E-01
  176  0.2048343E-01 -0.1107962E+00  0.5720991E-01
  177 -0.1387629E-01 -0.8937238E-01  0.6300755E-01
  178 -0.3877770E-01 -0.5899218E-01  0.5090445E-01
  179 -0.2600707E-01 -0.2180668E-01  0.2356684E-01
  180  0.3909687E-01  0.1694540E-01 -0.2270230E-02
  181  0.3858652E-03 -0.1886266E+00  0.4681171E-03
  182  0.3783465E-02 -0.1842584E+00  0.4865594E-02
  183  0.4606569E-02 -0.1775558E+00  0.8927079E-02
  184  0.4262678E-02 -0.1669828E+00  0.1344831E-01
  185  0.2587838E-02 -0.1506343E+00  0.1831352E-01
  186 -0.6159136E-03 -0.1248624E+00  0.2216215E-01
  187 -0.4523885E-02 -0.8313745E-01  0.2109826E-01
  188 -0.1108716E-01 -0.4053182E-01  0.1169336E-01
  189 -0.2035985E-01 -0.1804187E-01 -0.5018244E-02
  190 -0.2947218E-01 -0.2876730E-01 -0.2273451E-01
  191  0.3481517E-03 -0.1894114E+00  0.3858652E-03
  192  0.2038476E-03 -0.1841599E+00  0.4517481E-02
  193  0.1774282E-02 -0.1707154E+00  0.9327898E-02
  194  0.4384572E-02 -0.1479392E+00  0.1536486E-01
  195  0.6451836E-02 -0.1142608E+00  0.2233727E-01
  196  0.4393509E-02 -0.6976136E-01  0.2817319E-01
  197  0.2274120E-02 -0.2048990E-01  0.2804282E-01
  198  0.4498907E-02  0.1924627E-01  0.1922978E-01
  199  0.1201122E-01  0.3345781E-01  0.3368831E-02
  200  0.1409213E-01  0.1409213E-01 -0.1409213E-01
