121,200

-25	0
-25	5
-25	10
-25	15
-25	20
-25	25
-25	30
-25	35
-25	40
-25	45
-25	50
-20	0
-20	5
-20	10
-20	15
-20	20
-20	25
-20	30
-20	35
-20	40
-20	45
-20	50
-15	0
-15	5
-15	10
-15	15
-15	20
-15	25
-15	30
-15	35
-15	40
-15	45
-15	50
-10	0
-10	5
-10	10
-10	15
-10	20
-10	25
-10	30
-10	35
-10	40
-10	45
-10	50
-5	0
-5	5
-5	10
-5	15
-5	20
-5	25
-5	30
-5	35
-5	40
-5	45
-5	50
0	0
0	5
0	10
0	15
0	20
0	25
0	30
0	35
0	40
0	45
0	50
5	0
5	5
5	10
5	15
5	20
5	25
5	30
5	35
5	40
5	45
5	50
10	0
10	5
10	10
10	15
10	20
10	25
10	30
10	35
10	40
10	45
10	50
15	0
15	5
15	10
15	15
15	20
15	25
15	30
15	35
15	40
15	45
15	50
20	0
20	5
20	10
20	15
20	20
20	25
20	30
20	35
20	40
20	45
20	50
25	0
25	5
25	10
25	15
25	20
25	25
25	30
25	35
25	40
25	45
25	50

1	12	2
2	13	3
3	14	4
4	15	5
5	16	6
6	17	7
7	18	8
8	19	9
9	20	10
10	21	11
12	13	2
13	14	3
14	15	4
15	16	5
16	17	6
17	18	7
18	19	8
19	20	9
20	21	10
21	22	11
12	23	13
13	24	14
14	25	15
15	26	16
16	27	17
17	28	18
18	29	19
19	30	20
20	31	21
21	32	22
23	24	13
24	25	14
25	26	15
26	27	16
27	28	17
28	29	18
29	30	19
30	31	20
31	32	21
32	33	22
23	34	24
24	35	25
25	36	26
26	37	27
27	38	28
28	39	29
29	40	30
30	41	31
31	42	32
32	43	33
34	35	24
35	36	25
36	37	26
37	38	27
38	39	28
39	40	29
40	41	30
41	42	31
42	43	32
43	44	33
34	45	35
35	46	36
36	47	37
37	48	38
38	49	39
39	50	40
40	51	41
41	52	42
42	53	43
43	54	44
45	46	35
46	47	36
47	48	37
48	49	38
49	50	39
50	51	40
51	52	41
52	53	42
53	54	43
54	55	44
45	56	46
46	57	47
47	58	48
48	59	49
49	60	50
50	61	51
51	62	52
52	63	53
53	64	54
54	65	55
56	57	46
57	58	47
58	59	48
59	60	49
60	61	50
61	62	51
62	63	52
63	64	53
64	65	54
65	66	55
56	67	57
57	68	58
58	69	59
59	70	60
60	71	61
61	72	62
62	73	63
63	74	64
64	75	65
65	76	66
67	68	57
68	69	58
69	70	59
70	71	60
71	72	61
72	73	62
73	74	63
74	75	64
75	76	65
76	77	66
67	78	68
68	79	69
69	80	70
70	81	71
71	82	72
72	83	73
73	84	74
74	85	75
75	86	76
76	87	77
78	79	68
79	80	69
80	81	70
81	82	71
82	83	72
83	84	73
84	85	74
85	86	75
86	87	76
87	88	77
78	89	79
79	90	80
80	91	81
81	92	82
82	93	83
83	94	84
84	95	85
85	96	86
86	97	87
87	98	88
89	90	79
90	91	80
91	92	81
92	93	82
93	94	83
94	95	84
95	96	85
96	97	86
97	98	87
98	99	88
89	100	90
90	101	91
91	102	92
92	103	93
93	104	94
94	105	95
95	106	96
96	107	97
97	108	98
98	109	99
100	101	90
101	102	91
102	103	92
103	104	93
104	105	94
105	106	95
106	107	96
107	108	97
108	109	98
109	110	99
100	111	101
101	112	102
102	113	103
103	114	104
104	115	105
105	116	106
106	117	107
107	118	108
108	119	109
109	120	110
111	112	101
112	113	102
113	114	103
114	115	104
115	116	105
116	117	106
117	118	107
118	119	108
119	120	109
120	121	110
