 -0.2000E+00,  0.0000E+00,  0.2000E+00,  0.0000E+00,  0.0000E+00,  0.0000E+00,
  0.0000E+00, -0.2000E+00,  0.0000E+00,  0.0000E+00,  0.0000E+00,  0.2000E+00,
 -0.2000E+00, -0.2000E+00,  0.0000E+00,  0.2000E+00,  0.0000E+00,  0.0000E+00,
 -0.2000E+00,  0.0000E+00,  0.2000E+00,  0.0000E+00,  0.0000E+00,  0.0000E+00,
  0.0000E+00, -0.2000E+00,  0.0000E+00,  0.0000E+00,  0.0000E+00,  0.2000E+00,
 -0.2000E+00, -0.2000E+00,  0.0000E+00,  0.2000E+00,  0.0000E+00,  0.0000E+00,
 -0.2000E+00,  0.0000E+00,  0.2000E+00,  0.0000E+00,  0.0000E+00,  0.0000E+00,
  0.0000E+00, -0.2000E+00,  0.0000E+00,  0.0000E+00,  0.0000E+00,  0.2000E+00,
 -0.2000E+00, -0.2000E+00,  0.0000E+00,  0.2000E+00,  0.0000E+00,  0.0000E+00,
 -0.2000E+00,  0.0000E+00,  0.2000E+00,  0.0000E+00,  0.0000E+00,  0.0000E+00,
  0.0000E+00, -0.2000E+00,  0.0000E+00,  0.0000E+00,  0.0000E+00,  0.2000E+00,
 -0.2000E+00, -0.2000E+00,  0.0000E+00,  0.2000E+00,  0.0000E+00,  0.0000E+00,
 -0.2000E+00,  0.0000E+00,  0.2000E+00,  0.0000E+00,  0.0000E+00,  0.0000E+00,
  0.0000E+00, -0.2000E+00,  0.0000E+00,  0.0000E+00,  0.0000E+00,  0.2000E+00,
 -0.2000E+00, -0.2000E+00,  0.0000E+00,  0.2000E+00,  0.0000E+00,  0.0000E+00,
 -0.2000E+00,  0.0000E+00,  0.2000E+00,  0.0000E+00,  0.0000E+00,  0.0000E+00,
  0.0000E+00, -0.2000E+00,  0.0000E+00,  0.0000E+00,  0.0000E+00,  0.2000E+00,
 -0.2000E+00, -0.2000E+00,  0.0000E+00,  0.2000E+00,  0.0000E+00,  0.0000E+00,
 -0.2000E+00,  0.0000E+00,  0.2000E+00,  0.0000E+00,  0.0000E+00,  0.0000E+00,
  0.0000E+00, -0.2000E+00,  0.0000E+00,  0.0000E+00,  0.0000E+00,  0.2000E+00,
 -0.2000E+00, -0.2000E+00,  0.0000E+00,  0.2000E+00,  0.0000E+00,  0.0000E+00,
 -0.2000E+00,  0.0000E+00,  0.2000E+00,  0.0000E+00,  0.0000E+00,  0.0000E+00,
  0.0000E+00, -0.2000E+00,  0.0000E+00,  0.0000E+00,  0.0000E+00,  0.2000E+00,
 -0.2000E+00, -0.2000E+00,  0.0000E+00,  0.2000E+00,  0.0000E+00,  0.0000E+00,
 -0.2000E+00,  0.0000E+00,  0.2000E+00,  0.0000E+00,  0.0000E+00,  0.0000E+00,
  0.0000E+00, -0.2000E+00,  0.0000E+00,  0.0000E+00,  0.0000E+00,  0.2000E+00,
 -0.2000E+00, -0.2000E+00,  0.0000E+00,  0.2000E+00,  0.0000E+00,  0.0000E+00,
 -0.2000E+00,  0.0000E+00,  0.2000E+00,  0.0000E+00,  0.0000E+00,  0.0000E+00,
  0.0000E+00, -0.2000E+00,  0.0000E+00,  0.0000E+00,  0.0000E+00,  0.2000E+00,
 -0.2000E+00, -0.2000E+00,  0.0000E+00,  0.2000E+00,  0.0000E+00,  0.0000E+00,
  0.0000E+00,  0.0000E+00,  0.4000E-01,  0.0000E+00, -0.4000E-01,  0.0000E+00,
  0.0000E+00, -0.4000E-01,  0.0000E+00,  0.4000E-01,  0.0000E+00,  0.0000E+00,
 -0.4000E-01,  0.0000E+00,  0.4000E-01,  0.4000E-01, -0.4000E-01, -0.4000E-01,
  0.0000E+00,  0.0000E+00,  0.4000E-01,  0.0000E+00, -0.4000E-01,  0.0000E+00,
  0.0000E+00, -0.4000E-01,  0.0000E+00,  0.4000E-01,  0.0000E+00,  0.0000E+00,
 -0.4000E-01,  0.0000E+00,  0.4000E-01,  0.4000E-01, -0.4000E-01, -0.4000E-01,
  0.0000E+00,  0.0000E+00,  0.4000E-01,  0.0000E+00, -0.4000E-01,  0.0000E+00,
  0.0000E+00, -0.4000E-01,  0.0000E+00,  0.4000E-01,  0.0000E+00,  0.0000E+00,
 -0.4000E-01,  0.0000E+00,  0.4000E-01,  0.4000E-01, -0.4000E-01, -0.4000E-01,
  0.0000E+00,  0.0000E+00,  0.4000E-01,  0.0000E+00, -0.4000E-01,  0.0000E+00,
  0.0000E+00, -0.4000E-01,  0.0000E+00,  0.4000E-01,  0.0000E+00,  0.0000E+00,
 -0.4000E-01,  0.0000E+00,  0.4000E-01,  0.4000E-01, -0.4000E-01, -0.4000E-01,
  0.0000E+00,  0.0000E+00,  0.4000E-01,  0.0000E+00, -0.4000E-01,  0.0000E+00,
  0.0000E+00, -0.4000E-01,  0.0000E+00,  0.4000E-01,  0.0000E+00,  0.0000E+00,
 -0.4000E-01,  0.0000E+00,  0.4000E-01,  0.4000E-01, -0.4000E-01, -0.4000E-01,
  0.0000E+00,  0.0000E+00,  0.4000E-01,  0.0000E+00, -0.4000E-01,  0.0000E+00,
  0.0000E+00, -0.4000E-01,  0.0000E+00,  0.4000E-01,  0.0000E+00,  0.0000E+00,
 -0.4000E-01,  0.0000E+00,  0.4000E-01,  0.4000E-01, -0.4000E-01, -0.4000E-01,
  0.0000E+00,  0.0000E+00,  0.4000E-01,  0.0000E+00, -0.4000E-01,  0.0000E+00,
  0.0000E+00, -0.4000E-01,  0.0000E+00,  0.4000E-01,  0.0000E+00,  0.0000E+00,
 -0.4000E-01,  0.0000E+00,  0.4000E-01,  0.4000E-01, -0.4000E-01, -0.4000E-01,
  0.0000E+00,  0.0000E+00,  0.4000E-01,  0.0000E+00, -0.4000E-01,  0.0000E+00,
  0.0000E+00, -0.4000E-01,  0.0000E+00,  0.4000E-01,  0.0000E+00,  0.0000E+00,
 -0.4000E-01,  0.0000E+00,  0.4000E-01,  0.4000E-01, -0.4000E-01, -0.4000E-01,
  0.0000E+00,  0.0000E+00,  0.4000E-01,  0.0000E+00, -0.4000E-01,  0.0000E+00,
  0.0000E+00, -0.4000E-01,  0.0000E+00,  0.4000E-01,  0.0000E+00,  0.0000E+00,
 -0.4000E-01,  0.0000E+00,  0.4000E-01,  0.4000E-01, -0.4000E-01, -0.4000E-01,
  0.0000E+00,  0.0000E+00,  0.4000E-01,  0.0000E+00, -0.4000E-01,  0.0000E+00,
  0.0000E+00, -0.4000E-01,  0.0000E+00,  0.4000E-01,  0.0000E+00,  0.0000E+00,
 -0.4000E-01,  0.0000E+00,  0.4000E-01,  0.4000E-01, -0.4000E-01, -0.4000E-01,
 -0.2000E+00,  0.0000E+00,  0.2000E+00,  0.0000E+00,  0.0000E+00,  0.0000E+00,
  0.0000E+00, -0.2000E+00,  0.0000E+00,  0.0000E+00,  0.0000E+00,  0.2000E+00,
 -0.2000E+00, -0.2000E+00,  0.0000E+00,  0.2000E+00,  0.0000E+00,  0.0000E+00,
 -0.2000E+00,  0.0000E+00,  0.2000E+00,  0.0000E+00,  0.0000E+00,  0.0000E+00,
  0.0000E+00, -0.2000E+00,  0.0000E+00,  0.0000E+00,  0.0000E+00,  0.2000E+00,
 -0.2000E+00, -0.2000E+00,  0.0000E+00,  0.2000E+00,  0.0000E+00,  0.0000E+00,
 -0.2000E+00,  0.0000E+00,  0.2000E+00,  0.0000E+00,  0.0000E+00,  0.0000E+00,
  0.0000E+00, -0.2000E+00,  0.0000E+00,  0.0000E+00,  0.0000E+00,  0.2000E+00,
 -0.2000E+00, -0.2000E+00,  0.0000E+00,  0.2000E+00,  0.0000E+00,  0.0000E+00,
 -0.2000E+00,  0.0000E+00,  0.2000E+00,  0.0000E+00,  0.0000E+00,  0.0000E+00,
  0.0000E+00, -0.2000E+00,  0.0000E+00,  0.0000E+00,  0.0000E+00,  0.2000E+00,
 -0.2000E+00, -0.2000E+00,  0.0000E+00,  0.2000E+00,  0.0000E+00,  0.0000E+00,
 -0.2000E+00,  0.0000E+00,  0.2000E+00,  0.0000E+00,  0.0000E+00,  0.0000E+00,
  0.0000E+00, -0.2000E+00,  0.0000E+00,  0.0000E+00,  0.0000E+00,  0.2000E+00,
 -0.2000E+00, -0.2000E+00,  0.0000E+00,  0.2000E+00,  0.0000E+00,  0.0000E+00,
 -0.2000E+00,  0.0000E+00,  0.2000E+00,  0.0000E+00,  0.0000E+00,  0.0000E+00,
  0.0000E+00, -0.2000E+00,  0.0000E+00,  0.0000E+00,  0.0000E+00,  0.2000E+00,
 -0.2000E+00, -0.2000E+00,  0.0000E+00,  0.2000E+00,  0.0000E+00,  0.0000E+00,
 -0.2000E+00,  0.0000E+00,  0.2000E+00,  0.0000E+00,  0.0000E+00,  0.0000E+00,
  0.0000E+00, -0.2000E+00,  0.0000E+00,  0.0000E+00,  0.0000E+00,  0.2000E+00,
 -0.2000E+00, -0.2000E+00,  0.0000E+00,  0.2000E+00,  0.0000E+00,  0.0000E+00,
 -0.2000E+00,  0.0000E+00,  0.2000E+00,  0.0000E+00,  0.0000E+00,  0.0000E+00,
  0.0000E+00, -0.2000E+00,  0.0000E+00,  0.0000E+00,  0.0000E+00,  0.2000E+00,
 -0.2000E+00, -0.2000E+00,  0.0000E+00,  0.2000E+00,  0.0000E+00,  0.0000E+00,
 -0.2000E+00,  0.0000E+00,  0.2000E+00,  0.0000E+00,  0.0000E+00,  0.0000E+00,
  0.0000E+00, -0.2000E+00,  0.0000E+00,  0.0000E+00,  0.0000E+00,  0.2000E+00,
 -0.2000E+00, -0.2000E+00,  0.0000E+00,  0.2000E+00,  0.0000E+00,  0.0000E+00,
 -0.2000E+00,  0.0000E+00,  0.2000E+00,  0.0000E+00,  0.0000E+00,  0.0000E+00,
  0.0000E+00, -0.2000E+00,  0.0000E+00,  0.0000E+00,  0.0000E+00,  0.2000E+00,
 -0.2000E+00, -0.2000E+00,  0.0000E+00,  0.2000E+00,  0.0000E+00,  0.0000E+00,
  0.0000E+00,  0.0000E+00,  0.5000E-01,  0.0000E+00, -0.5000E-01,  0.0000E+00,
  0.0000E+00, -0.5000E-01,  0.0000E+00,  0.5000E-01,  0.0000E+00,  0.0000E+00,
 -0.5000E-01,  0.0000E+00,  0.5000E-01,  0.5000E-01, -0.5000E-01, -0.5000E-01,
  0.0000E+00,  0.0000E+00,  0.5000E-01,  0.0000E+00, -0.5000E-01,  0.0000E+00,
  0.0000E+00, -0.5000E-01,  0.0000E+00,  0.5000E-01,  0.0000E+00,  0.0000E+00,
 -0.5000E-01,  0.0000E+00,  0.5000E-01,  0.5000E-01, -0.5000E-01, -0.5000E-01,
  0.0000E+00,  0.0000E+00,  0.5000E-01,  0.0000E+00, -0.5000E-01,  0.0000E+00,
  0.0000E+00, -0.5000E-01,  0.0000E+00,  0.5000E-01,  0.0000E+00,  0.0000E+00,
 -0.5000E-01,  0.0000E+00,  0.5000E-01,  0.5000E-01, -0.5000E-01, -0.5000E-01,
  0.0000E+00,  0.0000E+00,  0.5000E-01,  0.0000E+00, -0.5000E-01,  0.0000E+00,
  0.0000E+00, -0.5000E-01,  0.0000E+00,  0.5000E-01,  0.0000E+00,  0.0000E+00,
 -0.5000E-01,  0.0000E+00,  0.5000E-01,  0.5000E-01, -0.5000E-01, -0.5000E-01,
  0.0000E+00,  0.0000E+00,  0.5000E-01,  0.0000E+00, -0.5000E-01,  0.0000E+00,
  0.0000E+00, -0.5000E-01,  0.0000E+00,  0.5000E-01,  0.0000E+00,  0.0000E+00,
 -0.5000E-01,  0.0000E+00,  0.5000E-01,  0.5000E-01, -0.5000E-01, -0.5000E-01,
  0.0000E+00,  0.0000E+00,  0.5000E-01,  0.0000E+00, -0.5000E-01,  0.0000E+00,
  0.0000E+00, -0.5000E-01,  0.0000E+00,  0.5000E-01,  0.0000E+00,  0.0000E+00,
 -0.5000E-01,  0.0000E+00,  0.5000E-01,  0.5000E-01, -0.5000E-01, -0.5000E-01,
  0.0000E+00,  0.0000E+00,  0.5000E-01,  0.0000E+00, -0.5000E-01,  0.0000E+00,
  0.0000E+00, -0.5000E-01,  0.0000E+00,  0.5000E-01,  0.0000E+00,  0.0000E+00,
 -0.5000E-01,  0.0000E+00,  0.5000E-01,  0.5000E-01, -0.5000E-01, -0.5000E-01,
  0.0000E+00,  0.0000E+00,  0.5000E-01,  0.0000E+00, -0.5000E-01,  0.0000E+00,
  0.0000E+00, -0.5000E-01,  0.0000E+00,  0.5000E-01,  0.0000E+00,  0.0000E+00,
 -0.5000E-01,  0.0000E+00,  0.5000E-01,  0.5000E-01, -0.5000E-01, -0.5000E-01,
  0.0000E+00,  0.0000E+00,  0.5000E-01,  0.0000E+00, -0.5000E-01,  0.0000E+00,
  0.0000E+00, -0.5000E-01,  0.0000E+00,  0.5000E-01,  0.0000E+00,  0.0000E+00,
 -0.5000E-01,  0.0000E+00,  0.5000E-01,  0.5000E-01, -0.5000E-01, -0.5000E-01,
  0.0000E+00,  0.0000E+00,  0.5000E-01,  0.0000E+00, -0.5000E-01,  0.0000E+00,
  0.0000E+00, -0.5000E-01,  0.0000E+00,  0.5000E-01,  0.0000E+00,  0.0000E+00,
 -0.5000E-01,  0.0000E+00,  0.5000E-01,  0.5000E-01, -0.5000E-01, -0.5000E-01,
 -0.2000E+00,  0.0000E+00,  0.2000E+00,  0.0000E+00,  0.0000E+00,  0.0000E+00,
  0.0000E+00, -0.2000E+00,  0.0000E+00,  0.0000E+00,  0.0000E+00,  0.2000E+00,
 -0.2000E+00, -0.2000E+00,  0.0000E+00,  0.2000E+00,  0.0000E+00,  0.0000E+00,
 -0.2000E+00,  0.0000E+00,  0.2000E+00,  0.0000E+00,  0.0000E+00,  0.0000E+00,
  0.0000E+00, -0.2000E+00,  0.0000E+00,  0.0000E+00,  0.0000E+00,  0.2000E+00,
 -0.2000E+00, -0.2000E+00,  0.0000E+00,  0.2000E+00,  0.0000E+00,  0.0000E+00,
 -0.2000E+00,  0.0000E+00,  0.2000E+00,  0.0000E+00,  0.0000E+00,  0.0000E+00,
  0.0000E+00, -0.2000E+00,  0.0000E+00,  0.0000E+00,  0.0000E+00,  0.2000E+00,
 -0.2000E+00, -0.2000E+00,  0.0000E+00,  0.2000E+00,  0.0000E+00,  0.0000E+00,
 -0.2000E+00,  0.0000E+00,  0.2000E+00,  0.0000E+00,  0.0000E+00,  0.0000E+00,
  0.0000E+00, -0.2000E+00,  0.0000E+00,  0.0000E+00,  0.0000E+00,  0.2000E+00,
 -0.2000E+00, -0.2000E+00,  0.0000E+00,  0.2000E+00,  0.0000E+00,  0.0000E+00,
 -0.2000E+00,  0.0000E+00,  0.2000E+00,  0.0000E+00,  0.0000E+00,  0.0000E+00,
  0.0000E+00, -0.2000E+00,  0.0000E+00,  0.0000E+00,  0.0000E+00,  0.2000E+00,
 -0.2000E+00, -0.2000E+00,  0.0000E+00,  0.2000E+00,  0.0000E+00,  0.0000E+00,
 -0.2000E+00,  0.0000E+00,  0.2000E+00,  0.0000E+00,  0.0000E+00,  0.0000E+00,
  0.0000E+00, -0.2000E+00,  0.0000E+00,  0.0000E+00,  0.0000E+00,  0.2000E+00,
 -0.2000E+00, -0.2000E+00,  0.0000E+00,  0.2000E+00,  0.0000E+00,  0.0000E+00,
 -0.2000E+00,  0.0000E+00,  0.2000E+00,  0.0000E+00,  0.0000E+00,  0.0000E+00,
  0.0000E+00, -0.2000E+00,  0.0000E+00,  0.0000E+00,  0.0000E+00,  0.2000E+00,
 -0.2000E+00, -0.2000E+00,  0.0000E+00,  0.2000E+00,  0.0000E+00,  0.0000E+00,
 -0.2000E+00,  0.0000E+00,  0.2000E+00,  0.0000E+00,  0.0000E+00,  0.0000E+00,
  0.0000E+00, -0.2000E+00,  0.0000E+00,  0.0000E+00,  0.0000E+00,  0.2000E+00,
 -0.2000E+00, -0.2000E+00,  0.0000E+00,  0.2000E+00,  0.0000E+00,  0.0000E+00,
 -0.2000E+00,  0.0000E+00,  0.2000E+00,  0.0000E+00,  0.0000E+00,  0.0000E+00,
  0.0000E+00, -0.2000E+00,  0.0000E+00,  0.0000E+00,  0.0000E+00,  0.2000E+00,
 -0.2000E+00, -0.2000E+00,  0.0000E+00,  0.2000E+00,  0.0000E+00,  0.0000E+00,
 -0.2000E+00,  0.0000E+00,  0.2000E+00,  0.0000E+00,  0.0000E+00,  0.0000E+00,
  0.0000E+00, -0.2000E+00,  0.0000E+00,  0.0000E+00,  0.0000E+00,  0.2000E+00,
 -0.2000E+00, -0.2000E+00,  0.0000E+00,  0.2000E+00,  0.0000E+00,  0.0000E+00,
  0.0000E+00,  0.0000E+00,  0.6667E-01,  0.0000E+00, -0.6667E-01,  0.0000E+00,
  0.0000E+00, -0.6667E-01,  0.0000E+00,  0.6667E-01,  0.0000E+00,  0.0000E+00,
 -0.6667E-01,  0.0000E+00,  0.6667E-01,  0.6667E-01, -0.6667E-01, -0.6667E-01,
  0.0000E+00,  0.0000E+00,  0.6667E-01,  0.0000E+00, -0.6667E-01,  0.0000E+00,
  0.0000E+00, -0.6667E-01,  0.0000E+00,  0.6667E-01,  0.0000E+00,  0.0000E+00,
 -0.6667E-01,  0.0000E+00,  0.6667E-01,  0.6667E-01, -0.6667E-01, -0.6667E-01,
  0.0000E+00,  0.0000E+00,  0.6667E-01,  0.0000E+00, -0.6667E-01,  0.0000E+00,
  0.0000E+00, -0.6667E-01,  0.0000E+00,  0.6667E-01,  0.0000E+00,  0.0000E+00,
 -0.6667E-01,  0.0000E+00,  0.6667E-01,  0.6667E-01, -0.6667E-01, -0.6667E-01,
  0.0000E+00,  0.0000E+00,  0.6667E-01,  0.0000E+00, -0.6667E-01,  0.0000E+00,
  0.0000E+00, -0.6667E-01,  0.0000E+00,  0.6667E-01,  0.0000E+00,  0.0000E+00,
 -0.6667E-01,  0.0000E+00,  0.6667E-01,  0.6667E-01, -0.6667E-01, -0.6667E-01,
  0.0000E+00,  0.0000E+00,  0.6667E-01,  0.0000E+00, -0.6667E-01,  0.0000E+00,
  0.0000E+00, -0.6667E-01,  0.0000E+00,  0.6667E-01,  0.0000E+00,  0.0000E+00,
 -0.6667E-01,  0.0000E+00,  0.6667E-01,  0.6667E-01, -0.6667E-01, -0.6667E-01,
  0.0000E+00,  0.0000E+00,  0.6667E-01,  0.0000E+00, -0.6667E-01,  0.0000E+00,
  0.0000E+00, -0.6667E-01,  0.0000E+00,  0.6667E-01,  0.0000E+00,  0.0000E+00,
 -0.6667E-01,  0.0000E+00,  0.6667E-01,  0.6667E-01, -0.6667E-01, -0.6667E-01,
  0.0000E+00,  0.0000E+00,  0.6667E-01,  0.0000E+00, -0.6667E-01,  0.0000E+00,
  0.0000E+00, -0.6667E-01,  0.0000E+00,  0.6667E-01,  0.0000E+00,  0.0000E+00,
 -0.6667E-01,  0.0000E+00,  0.6667E-01,  0.6667E-01, -0.6667E-01, -0.6667E-01,
  0.0000E+00,  0.0000E+00,  0.6667E-01,  0.0000E+00, -0.6667E-01,  0.0000E+00,
  0.0000E+00, -0.6667E-01,  0.0000E+00,  0.6667E-01,  0.0000E+00,  0.0000E+00,
 -0.6667E-01,  0.0000E+00,  0.6667E-01,  0.6667E-01, -0.6667E-01, -0.6667E-01,
  0.0000E+00,  0.0000E+00,  0.6667E-01,  0.0000E+00, -0.6667E-01,  0.0000E+00,
  0.0000E+00, -0.6667E-01,  0.0000E+00,  0.6667E-01,  0.0000E+00,  0.0000E+00,
 -0.6667E-01,  0.0000E+00,  0.6667E-01,  0.6667E-01, -0.6667E-01, -0.6667E-01,
  0.0000E+00,  0.0000E+00,  0.6667E-01,  0.0000E+00, -0.6667E-01,  0.0000E+00,
  0.0000E+00, -0.6667E-01,  0.0000E+00,  0.6667E-01,  0.0000E+00,  0.0000E+00,
 -0.6667E-01,  0.0000E+00,  0.6667E-01,  0.6667E-01, -0.6667E-01, -0.6667E-01,
 -0.2000E+00,  0.0000E+00,  0.2000E+00,  0.0000E+00,  0.0000E+00,  0.0000E+00,
  0.0000E+00, -0.2000E+00,  0.0000E+00,  0.0000E+00,  0.0000E+00,  0.2000E+00,
 -0.2000E+00, -0.2000E+00,  0.0000E+00,  0.2000E+00,  0.0000E+00,  0.0000E+00,
 -0.2000E+00,  0.0000E+00,  0.2000E+00,  0.0000E+00,  0.0000E+00,  0.0000E+00,
  0.0000E+00, -0.2000E+00,  0.0000E+00,  0.0000E+00,  0.0000E+00,  0.2000E+00,
 -0.2000E+00, -0.2000E+00,  0.0000E+00,  0.2000E+00,  0.0000E+00,  0.0000E+00,
 -0.2000E+00,  0.0000E+00,  0.2000E+00,  0.0000E+00,  0.0000E+00,  0.0000E+00,
  0.0000E+00, -0.2000E+00,  0.0000E+00,  0.0000E+00,  0.0000E+00,  0.2000E+00,
 -0.2000E+00, -0.2000E+00,  0.0000E+00,  0.2000E+00,  0.0000E+00,  0.0000E+00,
 -0.2000E+00,  0.0000E+00,  0.2000E+00,  0.0000E+00,  0.0000E+00,  0.0000E+00,
  0.0000E+00, -0.2000E+00,  0.0000E+00,  0.0000E+00,  0.0000E+00,  0.2000E+00,
 -0.2000E+00, -0.2000E+00,  0.0000E+00,  0.2000E+00,  0.0000E+00,  0.0000E+00,
 -0.2000E+00,  0.0000E+00,  0.2000E+00,  0.0000E+00,  0.0000E+00,  0.0000E+00,
  0.0000E+00, -0.2000E+00,  0.0000E+00,  0.0000E+00,  0.0000E+00,  0.2000E+00,
 -0.2000E+00, -0.2000E+00,  0.0000E+00,  0.2000E+00,  0.0000E+00,  0.0000E+00,
 -0.2000E+00,  0.0000E+00,  0.2000E+00,  0.0000E+00,  0.0000E+00,  0.0000E+00,
  0.0000E+00, -0.2000E+00,  0.0000E+00,  0.0000E+00,  0.0000E+00,  0.2000E+00,
 -0.2000E+00, -0.2000E+00,  0.0000E+00,  0.2000E+00,  0.0000E+00,  0.0000E+00,
 -0.2000E+00,  0.0000E+00,  0.2000E+00,  0.0000E+00,  0.0000E+00,  0.0000E+00,
  0.0000E+00, -0.2000E+00,  0.0000E+00,  0.0000E+00,  0.0000E+00,  0.2000E+00,
 -0.2000E+00, -0.2000E+00,  0.0000E+00,  0.2000E+00,  0.0000E+00,  0.0000E+00,
 -0.2000E+00,  0.0000E+00,  0.2000E+00,  0.0000E+00,  0.0000E+00,  0.0000E+00,
  0.0000E+00, -0.2000E+00,  0.0000E+00,  0.0000E+00,  0.0000E+00,  0.2000E+00,
 -0.2000E+00, -0.2000E+00,  0.0000E+00,  0.2000E+00,  0.0000E+00,  0.0000E+00,
 -0.2000E+00,  0.0000E+00,  0.2000E+00,  0.0000E+00,  0.0000E+00,  0.0000E+00,
  0.0000E+00, -0.2000E+00,  0.0000E+00,  0.0000E+00,  0.0000E+00,  0.2000E+00,
 -0.2000E+00, -0.2000E+00,  0.0000E+00,  0.2000E+00,  0.0000E+00,  0.0000E+00,
 -0.2000E+00,  0.0000E+00,  0.2000E+00,  0.0000E+00,  0.0000E+00,  0.0000E+00,
  0.0000E+00, -0.2000E+00,  0.0000E+00,  0.0000E+00,  0.0000E+00,  0.2000E+00,
 -0.2000E+00, -0.2000E+00,  0.0000E+00,  0.2000E+00,  0.0000E+00,  0.0000E+00,
  0.0000E+00,  0.0000E+00,  0.1000E+00,  0.0000E+00, -0.1000E+00,  0.0000E+00,
  0.0000E+00, -0.1000E+00,  0.0000E+00,  0.1000E+00,  0.0000E+00,  0.0000E+00,
 -0.1000E+00,  0.0000E+00,  0.1000E+00,  0.1000E+00, -0.1000E+00, -0.1000E+00,
  0.0000E+00,  0.0000E+00,  0.1000E+00,  0.0000E+00, -0.1000E+00,  0.0000E+00,
  0.0000E+00, -0.1000E+00,  0.0000E+00,  0.1000E+00,  0.0000E+00,  0.0000E+00,
 -0.1000E+00,  0.0000E+00,  0.1000E+00,  0.1000E+00, -0.1000E+00, -0.1000E+00,
  0.0000E+00,  0.0000E+00,  0.1000E+00,  0.0000E+00, -0.1000E+00,  0.0000E+00,
  0.0000E+00, -0.1000E+00,  0.0000E+00,  0.1000E+00,  0.0000E+00,  0.0000E+00,
 -0.1000E+00,  0.0000E+00,  0.1000E+00,  0.1000E+00, -0.1000E+00, -0.1000E+00,
  0.0000E+00,  0.0000E+00,  0.1000E+00,  0.0000E+00, -0.1000E+00,  0.0000E+00,
  0.0000E+00, -0.1000E+00,  0.0000E+00,  0.1000E+00,  0.0000E+00,  0.0000E+00,
 -0.1000E+00,  0.0000E+00,  0.1000E+00,  0.1000E+00, -0.1000E+00, -0.1000E+00,
  0.0000E+00,  0.0000E+00,  0.1000E+00,  0.0000E+00, -0.1000E+00,  0.0000E+00,
  0.0000E+00, -0.1000E+00,  0.0000E+00,  0.1000E+00,  0.0000E+00,  0.0000E+00,
 -0.1000E+00,  0.0000E+00,  0.1000E+00,  0.1000E+00, -0.1000E+00, -0.1000E+00,
  0.0000E+00,  0.0000E+00,  0.1000E+00,  0.0000E+00, -0.1000E+00,  0.0000E+00,
  0.0000E+00, -0.1000E+00,  0.0000E+00,  0.1000E+00,  0.0000E+00,  0.0000E+00,
 -0.1000E+00,  0.0000E+00,  0.1000E+00,  0.1000E+00, -0.1000E+00, -0.1000E+00,
  0.0000E+00,  0.0000E+00,  0.1000E+00,  0.0000E+00, -0.1000E+00,  0.0000E+00,
  0.0000E+00, -0.1000E+00,  0.0000E+00,  0.1000E+00,  0.0000E+00,  0.0000E+00,
 -0.1000E+00,  0.0000E+00,  0.1000E+00,  0.1000E+00, -0.1000E+00, -0.1000E+00,
  0.0000E+00,  0.0000E+00,  0.1000E+00,  0.0000E+00, -0.1000E+00,  0.0000E+00,
  0.0000E+00, -0.1000E+00,  0.0000E+00,  0.1000E+00,  0.0000E+00,  0.0000E+00,
 -0.1000E+00,  0.0000E+00,  0.1000E+00,  0.1000E+00, -0.1000E+00, -0.1000E+00,
  0.0000E+00,  0.0000E+00,  0.1000E+00,  0.0000E+00, -0.1000E+00,  0.0000E+00,
  0.0000E+00, -0.1000E+00,  0.0000E+00,  0.1000E+00,  0.0000E+00,  0.0000E+00,
 -0.1000E+00,  0.0000E+00,  0.1000E+00,  0.1000E+00, -0.1000E+00, -0.1000E+00,
  0.0000E+00,  0.0000E+00,  0.1000E+00,  0.0000E+00, -0.1000E+00,  0.0000E+00,
  0.0000E+00, -0.1000E+00,  0.0000E+00,  0.1000E+00,  0.0000E+00,  0.0000E+00,
 -0.1000E+00,  0.0000E+00,  0.1000E+00,  0.1000E+00, -0.1000E+00, -0.1000E+00,
 -0.2000E+00,  0.0000E+00,  0.2000E+00,  0.0000E+00,  0.0000E+00,  0.0000E+00,
  0.0000E+00, -0.2000E+00,  0.0000E+00,  0.0000E+00,  0.0000E+00,  0.2000E+00,
 -0.2000E+00, -0.2000E+00,  0.0000E+00,  0.2000E+00,  0.0000E+00,  0.0000E+00,
 -0.2000E+00,  0.0000E+00,  0.2000E+00,  0.0000E+00,  0.0000E+00,  0.0000E+00,
  0.0000E+00, -0.2000E+00,  0.0000E+00,  0.0000E+00,  0.0000E+00,  0.2000E+00,
 -0.2000E+00, -0.2000E+00,  0.0000E+00,  0.2000E+00,  0.0000E+00,  0.0000E+00,
 -0.2000E+00,  0.0000E+00,  0.2000E+00,  0.0000E+00,  0.0000E+00,  0.0000E+00,
  0.0000E+00, -0.2000E+00,  0.0000E+00,  0.0000E+00,  0.0000E+00,  0.2000E+00,
 -0.2000E+00, -0.2000E+00,  0.0000E+00,  0.2000E+00,  0.0000E+00,  0.0000E+00,
 -0.2000E+00,  0.0000E+00,  0.2000E+00,  0.0000E+00,  0.0000E+00,  0.0000E+00,
  0.0000E+00, -0.2000E+00,  0.0000E+00,  0.0000E+00,  0.0000E+00,  0.2000E+00,
 -0.2000E+00, -0.2000E+00,  0.0000E+00,  0.2000E+00,  0.0000E+00,  0.0000E+00,
 -0.2000E+00,  0.0000E+00,  0.2000E+00,  0.0000E+00,  0.0000E+00,  0.0000E+00,
  0.0000E+00, -0.2000E+00,  0.0000E+00,  0.0000E+00,  0.0000E+00,  0.2000E+00,
 -0.2000E+00, -0.2000E+00,  0.0000E+00,  0.2000E+00,  0.0000E+00,  0.0000E+00,
 -0.2000E+00,  0.0000E+00,  0.2000E+00,  0.0000E+00,  0.0000E+00,  0.0000E+00,
  0.0000E+00, -0.2000E+00,  0.0000E+00,  0.0000E+00,  0.0000E+00,  0.2000E+00,
 -0.2000E+00, -0.2000E+00,  0.0000E+00,  0.2000E+00,  0.0000E+00,  0.0000E+00,
 -0.2000E+00,  0.0000E+00,  0.2000E+00,  0.0000E+00,  0.0000E+00,  0.0000E+00,
  0.0000E+00, -0.2000E+00,  0.0000E+00,  0.0000E+00,  0.0000E+00,  0.2000E+00,
 -0.2000E+00, -0.2000E+00,  0.0000E+00,  0.2000E+00,  0.0000E+00,  0.0000E+00,
 -0.2000E+00,  0.0000E+00,  0.2000E+00,  0.0000E+00,  0.0000E+00,  0.0000E+00,
  0.0000E+00, -0.2000E+00,  0.0000E+00,  0.0000E+00,  0.0000E+00,  0.2000E+00,
 -0.2000E+00, -0.2000E+00,  0.0000E+00,  0.2000E+00,  0.0000E+00,  0.0000E+00,
 -0.2000E+00,  0.0000E+00,  0.2000E+00,  0.0000E+00,  0.0000E+00,  0.0000E+00,
  0.0000E+00, -0.2000E+00,  0.0000E+00,  0.0000E+00,  0.0000E+00,  0.2000E+00,
 -0.2000E+00, -0.2000E+00,  0.0000E+00,  0.2000E+00,  0.0000E+00,  0.0000E+00,
 -0.2000E+00,  0.0000E+00,  0.2000E+00,  0.0000E+00,  0.0000E+00,  0.0000E+00,
  0.0000E+00, -0.2000E+00,  0.0000E+00,  0.0000E+00,  0.0000E+00,  0.2000E+00,
 -0.2000E+00, -0.2000E+00,  0.0000E+00,  0.2000E+00,  0.0000E+00,  0.0000E+00,
  0.0000E+00,  0.0000E+00,  0.2000E+00,  0.0000E+00, -0.2000E+00,  0.0000E+00,
  0.0000E+00, -0.2000E+00,  0.0000E+00,  0.2000E+00,  0.0000E+00,  0.0000E+00,
 -0.2000E+00,  0.0000E+00,  0.2000E+00,  0.2000E+00, -0.2000E+00, -0.2000E+00,
  0.0000E+00,  0.0000E+00,  0.2000E+00,  0.0000E+00, -0.2000E+00,  0.0000E+00,
  0.0000E+00, -0.2000E+00,  0.0000E+00,  0.2000E+00,  0.0000E+00,  0.0000E+00,
 -0.2000E+00,  0.0000E+00,  0.2000E+00,  0.2000E+00, -0.2000E+00, -0.2000E+00,
  0.0000E+00,  0.0000E+00,  0.2000E+00,  0.0000E+00, -0.2000E+00,  0.0000E+00,
  0.0000E+00, -0.2000E+00,  0.0000E+00,  0.2000E+00,  0.0000E+00,  0.0000E+00,
 -0.2000E+00,  0.0000E+00,  0.2000E+00,  0.2000E+00, -0.2000E+00, -0.2000E+00,
  0.0000E+00,  0.0000E+00,  0.2000E+00,  0.0000E+00, -0.2000E+00,  0.0000E+00,
  0.0000E+00, -0.2000E+00,  0.0000E+00,  0.2000E+00,  0.0000E+00,  0.0000E+00,
 -0.2000E+00,  0.0000E+00,  0.2000E+00,  0.2000E+00, -0.2000E+00, -0.2000E+00,
  0.0000E+00,  0.0000E+00,  0.2000E+00,  0.0000E+00, -0.2000E+00,  0.0000E+00,
  0.0000E+00, -0.2000E+00,  0.0000E+00,  0.2000E+00,  0.0000E+00,  0.0000E+00,
 -0.2000E+00,  0.0000E+00,  0.2000E+00,  0.2000E+00, -0.2000E+00, -0.2000E+00,
  0.0000E+00,  0.0000E+00,  0.2000E+00,  0.0000E+00, -0.2000E+00,  0.0000E+00,
  0.0000E+00, -0.2000E+00,  0.0000E+00,  0.2000E+00,  0.0000E+00,  0.0000E+00,
 -0.2000E+00,  0.0000E+00,  0.2000E+00,  0.2000E+00, -0.2000E+00, -0.2000E+00,
  0.0000E+00,  0.0000E+00,  0.2000E+00,  0.0000E+00, -0.2000E+00,  0.0000E+00,
  0.0000E+00, -0.2000E+00,  0.0000E+00,  0.2000E+00,  0.0000E+00,  0.0000E+00,
 -0.2000E+00,  0.0000E+00,  0.2000E+00,  0.2000E+00, -0.2000E+00, -0.2000E+00,
  0.0000E+00,  0.0000E+00,  0.2000E+00,  0.0000E+00, -0.2000E+00,  0.0000E+00,
  0.0000E+00, -0.2000E+00,  0.0000E+00,  0.2000E+00,  0.0000E+00,  0.0000E+00,
 -0.2000E+00,  0.0000E+00,  0.2000E+00,  0.2000E+00, -0.2000E+00, -0.2000E+00,
  0.0000E+00,  0.0000E+00,  0.2000E+00,  0.0000E+00, -0.2000E+00,  0.0000E+00,
  0.0000E+00, -0.2000E+00,  0.0000E+00,  0.2000E+00,  0.0000E+00,  0.0000E+00,
 -0.2000E+00,  0.0000E+00,  0.2000E+00,  0.2000E+00, -0.2000E+00, -0.2000E+00,
  0.0000E+00,  0.0000E+00,  0.2000E+00,  0.0000E+00, -0.2000E+00,  0.0000E+00,
  0.0000E+00, -0.2000E+00,  0.0000E+00,  0.2000E+00,  0.0000E+00,  0.0000E+00,
 -0.2000E+00,  0.0000E+00,  0.2000E+00,  0.2000E+00, -0.2000E+00, -0.2000E+00,
 -0.2000E+00,  0.0000E+00,  0.2000E+00,  0.0000E+00,  0.0000E+00,  0.0000E+00,
  0.0000E+00, -0.2000E+00,  0.0000E+00,  0.0000E+00,  0.0000E+00,  0.2000E+00,
 -0.2000E+00, -0.2000E+00,  0.0000E+00,  0.2000E+00,  0.0000E+00,  0.0000E+00,
 -0.2000E+00,  0.0000E+00,  0.2000E+00,  0.0000E+00,  0.0000E+00,  0.0000E+00,
  0.0000E+00, -0.2000E+00,  0.0000E+00,  0.0000E+00,  0.0000E+00,  0.2000E+00,
 -0.2000E+00, -0.2000E+00,  0.0000E+00,  0.2000E+00,  0.0000E+00,  0.0000E+00,
 -0.2000E+00,  0.0000E+00,  0.2000E+00,  0.0000E+00,  0.0000E+00,  0.0000E+00,
  0.0000E+00, -0.2000E+00,  0.0000E+00,  0.0000E+00,  0.0000E+00,  0.2000E+00,
 -0.2000E+00, -0.2000E+00,  0.0000E+00,  0.2000E+00,  0.0000E+00,  0.0000E+00,
 -0.2000E+00,  0.0000E+00,  0.2000E+00,  0.0000E+00,  0.0000E+00,  0.0000E+00,
  0.0000E+00, -0.2000E+00,  0.0000E+00,  0.0000E+00,  0.0000E+00,  0.2000E+00,
 -0.2000E+00, -0.2000E+00,  0.0000E+00,  0.2000E+00,  0.0000E+00,  0.0000E+00,
 -0.2000E+00,  0.0000E+00,  0.2000E+00,  0.0000E+00,  0.0000E+00,  0.0000E+00,
  0.0000E+00, -0.2000E+00,  0.0000E+00,  0.0000E+00,  0.0000E+00,  0.2000E+00,
 -0.2000E+00, -0.2000E+00,  0.0000E+00,  0.2000E+00,  0.0000E+00,  0.0000E+00,
 -0.2000E+00,  0.0000E+00,  0.2000E+00,  0.0000E+00,  0.0000E+00,  0.0000E+00,
  0.0000E+00, -0.2000E+00,  0.0000E+00,  0.0000E+00,  0.0000E+00,  0.2000E+00,
 -0.2000E+00, -0.2000E+00,  0.0000E+00,  0.2000E+00,  0.0000E+00,  0.0000E+00,
 -0.2000E+00,  0.0000E+00,  0.2000E+00,  0.0000E+00,  0.0000E+00,  0.0000E+00,
  0.0000E+00, -0.2000E+00,  0.0000E+00,  0.0000E+00,  0.0000E+00,  0.2000E+00,
 -0.2000E+00, -0.2000E+00,  0.0000E+00,  0.2000E+00,  0.0000E+00,  0.0000E+00,
 -0.2000E+00,  0.0000E+00,  0.2000E+00,  0.0000E+00,  0.0000E+00,  0.0000E+00,
  0.0000E+00, -0.2000E+00,  0.0000E+00,  0.0000E+00,  0.0000E+00,  0.2000E+00,
 -0.2000E+00, -0.2000E+00,  0.0000E+00,  0.2000E+00,  0.0000E+00,  0.0000E+00,
 -0.2000E+00,  0.0000E+00,  0.2000E+00,  0.0000E+00,  0.0000E+00,  0.0000E+00,
  0.0000E+00, -0.2000E+00,  0.0000E+00,  0.0000E+00,  0.0000E+00,  0.2000E+00,
 -0.2000E+00, -0.2000E+00,  0.0000E+00,  0.2000E+00,  0.0000E+00,  0.0000E+00,
 -0.2000E+00,  0.0000E+00,  0.2000E+00,  0.0000E+00,  0.0000E+00,  0.0000E+00,
  0.0000E+00, -0.2000E+00,  0.0000E+00,  0.0000E+00,  0.0000E+00,  0.2000E+00,
 -0.2000E+00, -0.2000E+00,  0.0000E+00,  0.2000E+00,  0.0000E+00,  0.0000E+00,
         NaN,  0.0000E+00,    Infinity,  0.0000E+00,   -Infinity,  0.0000E+00,
  0.0000E+00,   -Infinity,  0.0000E+00,    Infinity,  0.0000E+00,         NaN,
   -Infinity,         NaN,    Infinity,    Infinity,   -Infinity,   -Infinity,
         NaN,  0.0000E+00,    Infinity,  0.0000E+00,   -Infinity,  0.0000E+00,
  0.0000E+00,   -Infinity,  0.0000E+00,    Infinity,  0.0000E+00,         NaN,
   -Infinity,         NaN,    Infinity,    Infinity,   -Infinity,   -Infinity,
         NaN,  0.0000E+00,    Infinity,  0.0000E+00,   -Infinity,  0.0000E+00,
  0.0000E+00,   -Infinity,  0.0000E+00,    Infinity,  0.0000E+00,         NaN,
   -Infinity,         NaN,    Infinity,    Infinity,   -Infinity,   -Infinity,
         NaN,  0.0000E+00,    Infinity,  0.0000E+00,   -Infinity,  0.0000E+00,
  0.0000E+00,   -Infinity,  0.0000E+00,    Infinity,  0.0000E+00,         NaN,
   -Infinity,         NaN,    Infinity,    Infinity,   -Infinity,   -Infinity,
         NaN,  0.0000E+00,    Infinity,  0.0000E+00,   -Infinity,  0.0000E+00,
  0.0000E+00,   -Infinity,  0.0000E+00,    Infinity,  0.0000E+00,         NaN,
   -Infinity,         NaN,    Infinity,    Infinity,   -Infinity,   -Infinity,
         NaN,  0.0000E+00,    Infinity,  0.0000E+00,   -Infinity,  0.0000E+00,
  0.0000E+00,   -Infinity,  0.0000E+00,    Infinity,  0.0000E+00,         NaN,
   -Infinity,         NaN,    Infinity,    Infinity,   -Infinity,   -Infinity,
         NaN,  0.0000E+00,    Infinity,  0.0000E+00,   -Infinity,  0.0000E+00,
  0.0000E+00,   -Infinity,  0.0000E+00,    Infinity,  0.0000E+00,         NaN,
   -Infinity,         NaN,    Infinity,    Infinity,   -Infinity,   -Infinity,
         NaN,  0.0000E+00,    Infinity,  0.0000E+00,   -Infinity,  0.0000E+00,
  0.0000E+00,   -Infinity,  0.0000E+00,    Infinity,  0.0000E+00,         NaN,
   -Infinity,         NaN,    Infinity,    Infinity,   -Infinity,   -Infinity,
         NaN,  0.0000E+00,    Infinity,  0.0000E+00,   -Infinity,  0.0000E+00,
  0.0000E+00,   -Infinity,  0.0000E+00,    Infinity,  0.0000E+00,         NaN,
   -Infinity,         NaN,    Infinity,    Infinity,   -Infinity,   -Infinity,
         NaN,  0.0000E+00,    Infinity,  0.0000E+00,   -Infinity,  0.0000E+00,
  0.0000E+00,   -Infinity,  0.0000E+00,    Infinity,  0.0000E+00,         NaN,
   -Infinity,         NaN,    Infinity,    Infinity,   -Infinity,   -Infinity,
 -0.2000E+00,  0.0000E+00,  0.2000E+00,  0.0000E+00,  0.0000E+00,  0.0000E+00,
  0.0000E+00, -0.2000E+00,  0.0000E+00,  0.0000E+00,  0.0000E+00,  0.2000E+00,
 -0.2000E+00, -0.2000E+00,  0.0000E+00,  0.2000E+00,  0.0000E+00,  0.0000E+00,
 -0.2000E+00,  0.0000E+00,  0.2000E+00,  0.0000E+00,  0.0000E+00,  0.0000E+00,
  0.0000E+00, -0.2000E+00,  0.0000E+00,  0.0000E+00,  0.0000E+00,  0.2000E+00,
 -0.2000E+00, -0.2000E+00,  0.0000E+00,  0.2000E+00,  0.0000E+00,  0.0000E+00,
 -0.2000E+00,  0.0000E+00,  0.2000E+00,  0.0000E+00,  0.0000E+00,  0.0000E+00,
  0.0000E+00, -0.2000E+00,  0.0000E+00,  0.0000E+00,  0.0000E+00,  0.2000E+00,
 -0.2000E+00, -0.2000E+00,  0.0000E+00,  0.2000E+00,  0.0000E+00,  0.0000E+00,
 -0.2000E+00,  0.0000E+00,  0.2000E+00,  0.0000E+00,  0.0000E+00,  0.0000E+00,
  0.0000E+00, -0.2000E+00,  0.0000E+00,  0.0000E+00,  0.0000E+00,  0.2000E+00,
 -0.2000E+00, -0.2000E+00,  0.0000E+00,  0.2000E+00,  0.0000E+00,  0.0000E+00,
 -0.2000E+00,  0.0000E+00,  0.2000E+00,  0.0000E+00,  0.0000E+00,  0.0000E+00,
  0.0000E+00, -0.2000E+00,  0.0000E+00,  0.0000E+00,  0.0000E+00,  0.2000E+00,
 -0.2000E+00, -0.2000E+00,  0.0000E+00,  0.2000E+00,  0.0000E+00,  0.0000E+00,
 -0.2000E+00,  0.0000E+00,  0.2000E+00,  0.0000E+00,  0.0000E+00,  0.0000E+00,
  0.0000E+00, -0.2000E+00,  0.0000E+00,  0.0000E+00,  0.0000E+00,  0.2000E+00,
 -0.2000E+00, -0.2000E+00,  0.0000E+00,  0.2000E+00,  0.0000E+00,  0.0000E+00,
 -0.2000E+00,  0.0000E+00,  0.2000E+00,  0.0000E+00,  0.0000E+00,  0.0000E+00,
  0.0000E+00, -0.2000E+00,  0.0000E+00,  0.0000E+00,  0.0000E+00,  0.2000E+00,
 -0.2000E+00, -0.2000E+00,  0.0000E+00,  0.2000E+00,  0.0000E+00,  0.0000E+00,
 -0.2000E+00,  0.0000E+00,  0.2000E+00,  0.0000E+00,  0.0000E+00,  0.0000E+00,
  0.0000E+00, -0.2000E+00,  0.0000E+00,  0.0000E+00,  0.0000E+00,  0.2000E+00,
 -0.2000E+00, -0.2000E+00,  0.0000E+00,  0.2000E+00,  0.0000E+00,  0.0000E+00,
 -0.2000E+00,  0.0000E+00,  0.2000E+00,  0.0000E+00,  0.0000E+00,  0.0000E+00,
  0.0000E+00, -0.2000E+00,  0.0000E+00,  0.0000E+00,  0.0000E+00,  0.2000E+00,
 -0.2000E+00, -0.2000E+00,  0.0000E+00,  0.2000E+00,  0.0000E+00,  0.0000E+00,
 -0.2000E+00,  0.0000E+00,  0.2000E+00,  0.0000E+00,  0.0000E+00,  0.0000E+00,
  0.0000E+00, -0.2000E+00,  0.0000E+00,  0.0000E+00,  0.0000E+00,  0.2000E+00,
 -0.2000E+00, -0.2000E+00,  0.0000E+00,  0.2000E+00,  0.0000E+00,  0.0000E+00,
  0.0000E+00,  0.0000E+00, -0.2000E+00,  0.0000E+00,  0.2000E+00,  0.0000E+00,
  0.0000E+00,  0.2000E+00,  0.0000E+00, -0.2000E+00,  0.0000E+00,  0.0000E+00,
  0.2000E+00,  0.0000E+00, -0.2000E+00, -0.2000E+00,  0.2000E+00,  0.2000E+00,
  0.0000E+00,  0.0000E+00, -0.2000E+00,  0.0000E+00,  0.2000E+00,  0.0000E+00,
  0.0000E+00,  0.2000E+00,  0.0000E+00, -0.2000E+00,  0.0000E+00,  0.0000E+00,
  0.2000E+00,  0.0000E+00, -0.2000E+00, -0.2000E+00,  0.2000E+00,  0.2000E+00,
  0.0000E+00,  0.0000E+00, -0.2000E+00,  0.0000E+00,  0.2000E+00,  0.0000E+00,
  0.0000E+00,  0.2000E+00,  0.0000E+00, -0.2000E+00,  0.0000E+00,  0.0000E+00,
  0.2000E+00,  0.0000E+00, -0.2000E+00, -0.2000E+00,  0.2000E+00,  0.2000E+00,
  0.0000E+00,  0.0000E+00, -0.2000E+00,  0.0000E+00,  0.2000E+00,  0.0000E+00,
  0.0000E+00,  0.2000E+00,  0.0000E+00, -0.2000E+00,  0.0000E+00,  0.0000E+00,
  0.2000E+00,  0.0000E+00, -0.2000E+00, -0.2000E+00,  0.2000E+00,  0.2000E+00,
  0.0000E+00,  0.0000E+00, -0.2000E+00,  0.0000E+00,  0.2000E+00,  0.0000E+00,
  0.0000E+00,  0.2000E+00,  0.0000E+00, -0.2000E+00,  0.0000E+00,  0.0000E+00,
  0.2000E+00,  0.0000E+00, -0.2000E+00, -0.2000E+00,  0.2000E+00,  0.2000E+00,
  0.0000E+00,  0.0000E+00, -0.2000E+00,  0.0000E+00,  0.2000E+00,  0.0000E+00,
  0.0000E+00,  0.2000E+00,  0.0000E+00, -0.2000E+00,  0.0000E+00,  0.0000E+00,
  0.2000E+00,  0.0000E+00, -0.2000E+00, -0.2000E+00,  0.2000E+00,  0.2000E+00,
  0.0000E+00,  0.0000E+00, -0.2000E+00,  0.0000E+00,  0.2000E+00,  0.0000E+00,
  0.0000E+00,  0.2000E+00,  0.0000E+00, -0.2000E+00,  0.0000E+00,  0.0000E+00,
  0.2000E+00,  0.0000E+00, -0.2000E+00, -0.2000E+00,  0.2000E+00,  0.2000E+00,
  0.0000E+00,  0.0000E+00, -0.2000E+00,  0.0000E+00,  0.2000E+00,  0.0000E+00,
  0.0000E+00,  0.2000E+00,  0.0000E+00, -0.2000E+00,  0.0000E+00,  0.0000E+00,
  0.2000E+00,  0.0000E+00, -0.2000E+00, -0.2000E+00,  0.2000E+00,  0.2000E+00,
  0.0000E+00,  0.0000E+00, -0.2000E+00,  0.0000E+00,  0.2000E+00,  0.0000E+00,
  0.0000E+00,  0.2000E+00,  0.0000E+00, -0.2000E+00,  0.0000E+00,  0.0000E+00,
  0.2000E+00,  0.0000E+00, -0.2000E+00, -0.2000E+00,  0.2000E+00,  0.2000E+00,
  0.0000E+00,  0.0000E+00, -0.2000E+00,  0.0000E+00,  0.2000E+00,  0.0000E+00,
  0.0000E+00,  0.2000E+00,  0.0000E+00, -0.2000E+00,  0.0000E+00,  0.0000E+00,
  0.2000E+00,  0.0000E+00, -0.2000E+00, -0.2000E+00,  0.2000E+00,  0.2000E+00,
 -0.2000E+00,  0.0000E+00,  0.2000E+00,  0.0000E+00,  0.0000E+00,  0.0000E+00,
  0.0000E+00, -0.2000E+00,  0.0000E+00,  0.0000E+00,  0.0000E+00,  0.2000E+00,
 -0.2000E+00, -0.2000E+00,  0.0000E+00,  0.2000E+00,  0.0000E+00,  0.0000E+00,
 -0.2000E+00,  0.0000E+00,  0.2000E+00,  0.0000E+00,  0.0000E+00,  0.0000E+00,
  0.0000E+00, -0.2000E+00,  0.0000E+00,  0.0000E+00,  0.0000E+00,  0.2000E+00,
 -0.2000E+00, -0.2000E+00,  0.0000E+00,  0.2000E+00,  0.0000E+00,  0.0000E+00,
 -0.2000E+00,  0.0000E+00,  0.2000E+00,  0.0000E+00,  0.0000E+00,  0.0000E+00,
  0.0000E+00, -0.2000E+00,  0.0000E+00,  0.0000E+00,  0.0000E+00,  0.2000E+00,
 -0.2000E+00, -0.2000E+00,  0.0000E+00,  0.2000E+00,  0.0000E+00,  0.0000E+00,
 -0.2000E+00,  0.0000E+00,  0.2000E+00,  0.0000E+00,  0.0000E+00,  0.0000E+00,
  0.0000E+00, -0.2000E+00,  0.0000E+00,  0.0000E+00,  0.0000E+00,  0.2000E+00,
 -0.2000E+00, -0.2000E+00,  0.0000E+00,  0.2000E+00,  0.0000E+00,  0.0000E+00,
 -0.2000E+00,  0.0000E+00,  0.2000E+00,  0.0000E+00,  0.0000E+00,  0.0000E+00,
  0.0000E+00, -0.2000E+00,  0.0000E+00,  0.0000E+00,  0.0000E+00,  0.2000E+00,
 -0.2000E+00, -0.2000E+00,  0.0000E+00,  0.2000E+00,  0.0000E+00,  0.0000E+00,
 -0.2000E+00,  0.0000E+00,  0.2000E+00,  0.0000E+00,  0.0000E+00,  0.0000E+00,
  0.0000E+00, -0.2000E+00,  0.0000E+00,  0.0000E+00,  0.0000E+00,  0.2000E+00,
 -0.2000E+00, -0.2000E+00,  0.0000E+00,  0.2000E+00,  0.0000E+00,  0.0000E+00,
 -0.2000E+00,  0.0000E+00,  0.2000E+00,  0.0000E+00,  0.0000E+00,  0.0000E+00,
  0.0000E+00, -0.2000E+00,  0.0000E+00,  0.0000E+00,  0.0000E+00,  0.2000E+00,
 -0.2000E+00, -0.2000E+00,  0.0000E+00,  0.2000E+00,  0.0000E+00,  0.0000E+00,
 -0.2000E+00,  0.0000E+00,  0.2000E+00,  0.0000E+00,  0.0000E+00,  0.0000E+00,
  0.0000E+00, -0.2000E+00,  0.0000E+00,  0.0000E+00,  0.0000E+00,  0.2000E+00,
 -0.2000E+00, -0.2000E+00,  0.0000E+00,  0.2000E+00,  0.0000E+00,  0.0000E+00,
 -0.2000E+00,  0.0000E+00,  0.2000E+00,  0.0000E+00,  0.0000E+00,  0.0000E+00,
  0.0000E+00, -0.2000E+00,  0.0000E+00,  0.0000E+00,  0.0000E+00,  0.2000E+00,
 -0.2000E+00, -0.2000E+00,  0.0000E+00,  0.2000E+00,  0.0000E+00,  0.0000E+00,
 -0.2000E+00,  0.0000E+00,  0.2000E+00,  0.0000E+00,  0.0000E+00,  0.0000E+00,
  0.0000E+00, -0.2000E+00,  0.0000E+00,  0.0000E+00,  0.0000E+00,  0.2000E+00,
 -0.2000E+00, -0.2000E+00,  0.0000E+00,  0.2000E+00,  0.0000E+00,  0.0000E+00,
  0.0000E+00,  0.0000E+00, -0.1000E+00,  0.0000E+00,  0.1000E+00,  0.0000E+00,
  0.0000E+00,  0.1000E+00,  0.0000E+00, -0.1000E+00,  0.0000E+00,  0.0000E+00,
  0.1000E+00,  0.0000E+00, -0.1000E+00, -0.1000E+00,  0.1000E+00,  0.1000E+00,
  0.0000E+00,  0.0000E+00, -0.1000E+00,  0.0000E+00,  0.1000E+00,  0.0000E+00,
  0.0000E+00,  0.1000E+00,  0.0000E+00, -0.1000E+00,  0.0000E+00,  0.0000E+00,
  0.1000E+00,  0.0000E+00, -0.1000E+00, -0.1000E+00,  0.1000E+00,  0.1000E+00,
  0.0000E+00,  0.0000E+00, -0.1000E+00,  0.0000E+00,  0.1000E+00,  0.0000E+00,
  0.0000E+00,  0.1000E+00,  0.0000E+00, -0.1000E+00,  0.0000E+00,  0.0000E+00,
  0.1000E+00,  0.0000E+00, -0.1000E+00, -0.1000E+00,  0.1000E+00,  0.1000E+00,
  0.0000E+00,  0.0000E+00, -0.1000E+00,  0.0000E+00,  0.1000E+00,  0.0000E+00,
  0.0000E+00,  0.1000E+00,  0.0000E+00, -0.1000E+00,  0.0000E+00,  0.0000E+00,
  0.1000E+00,  0.0000E+00, -0.1000E+00, -0.1000E+00,  0.1000E+00,  0.1000E+00,
  0.0000E+00,  0.0000E+00, -0.1000E+00,  0.0000E+00,  0.1000E+00,  0.0000E+00,
  0.0000E+00,  0.1000E+00,  0.0000E+00, -0.1000E+00,  0.0000E+00,  0.0000E+00,
  0.1000E+00,  0.0000E+00, -0.1000E+00, -0.1000E+00,  0.1000E+00,  0.1000E+00,
  0.0000E+00,  0.0000E+00, -0.1000E+00,  0.0000E+00,  0.1000E+00,  0.0000E+00,
  0.0000E+00,  0.1000E+00,  0.0000E+00, -0.1000E+00,  0.0000E+00,  0.0000E+00,
  0.1000E+00,  0.0000E+00, -0.1000E+00, -0.1000E+00,  0.1000E+00,  0.1000E+00,
  0.0000E+00,  0.0000E+00, -0.1000E+00,  0.0000E+00,  0.1000E+00,  0.0000E+00,
  0.0000E+00,  0.1000E+00,  0.0000E+00, -0.1000E+00,  0.0000E+00,  0.0000E+00,
  0.1000E+00,  0.0000E+00, -0.1000E+00, -0.1000E+00,  0.1000E+00,  0.1000E+00,
  0.0000E+00,  0.0000E+00, -0.1000E+00,  0.0000E+00,  0.1000E+00,  0.0000E+00,
  0.0000E+00,  0.1000E+00,  0.0000E+00, -0.1000E+00,  0.0000E+00,  0.0000E+00,
  0.1000E+00,  0.0000E+00, -0.1000E+00, -0.1000E+00,  0.1000E+00,  0.1000E+00,
  0.0000E+00,  0.0000E+00, -0.1000E+00,  0.0000E+00,  0.1000E+00,  0.0000E+00,
  0.0000E+00,  0.1000E+00,  0.0000E+00, -0.1000E+00,  0.0000E+00,  0.0000E+00,
  0.1000E+00,  0.0000E+00, -0.1000E+00, -0.1000E+00,  0.1000E+00,  0.1000E+00,
  0.0000E+00,  0.0000E+00, -0.1000E+00,  0.0000E+00,  0.1000E+00,  0.0000E+00,
  0.0000E+00,  0.1000E+00,  0.0000E+00, -0.1000E+00,  0.0000E+00,  0.0000E+00,
  0.1000E+00,  0.0000E+00, -0.1000E+00, -0.1000E+00,  0.1000E+00,  0.1000E+00,
 -0.2000E+00,  0.0000E+00,  0.2000E+00,  0.0000E+00,  0.0000E+00,  0.0000E+00,
  0.0000E+00, -0.2000E+00,  0.0000E+00,  0.0000E+00,  0.0000E+00,  0.2000E+00,
 -0.2000E+00, -0.2000E+00,  0.0000E+00,  0.2000E+00,  0.0000E+00,  0.0000E+00,
 -0.2000E+00,  0.0000E+00,  0.2000E+00,  0.0000E+00,  0.0000E+00,  0.0000E+00,
  0.0000E+00, -0.2000E+00,  0.0000E+00,  0.0000E+00,  0.0000E+00,  0.2000E+00,
 -0.2000E+00, -0.2000E+00,  0.0000E+00,  0.2000E+00,  0.0000E+00,  0.0000E+00,
 -0.2000E+00,  0.0000E+00,  0.2000E+00,  0.0000E+00,  0.0000E+00,  0.0000E+00,
  0.0000E+00, -0.2000E+00,  0.0000E+00,  0.0000E+00,  0.0000E+00,  0.2000E+00,
 -0.2000E+00, -0.2000E+00,  0.0000E+00,  0.2000E+00,  0.0000E+00,  0.0000E+00,
 -0.2000E+00,  0.0000E+00,  0.2000E+00,  0.0000E+00,  0.0000E+00,  0.0000E+00,
  0.0000E+00, -0.2000E+00,  0.0000E+00,  0.0000E+00,  0.0000E+00,  0.2000E+00,
 -0.2000E+00, -0.2000E+00,  0.0000E+00,  0.2000E+00,  0.0000E+00,  0.0000E+00,
 -0.2000E+00,  0.0000E+00,  0.2000E+00,  0.0000E+00,  0.0000E+00,  0.0000E+00,
  0.0000E+00, -0.2000E+00,  0.0000E+00,  0.0000E+00,  0.0000E+00,  0.2000E+00,
 -0.2000E+00, -0.2000E+00,  0.0000E+00,  0.2000E+00,  0.0000E+00,  0.0000E+00,
 -0.2000E+00,  0.0000E+00,  0.2000E+00,  0.0000E+00,  0.0000E+00,  0.0000E+00,
  0.0000E+00, -0.2000E+00,  0.0000E+00,  0.0000E+00,  0.0000E+00,  0.2000E+00,
 -0.2000E+00, -0.2000E+00,  0.0000E+00,  0.2000E+00,  0.0000E+00,  0.0000E+00,
 -0.2000E+00,  0.0000E+00,  0.2000E+00,  0.0000E+00,  0.0000E+00,  0.0000E+00,
  0.0000E+00, -0.2000E+00,  0.0000E+00,  0.0000E+00,  0.0000E+00,  0.2000E+00,
 -0.2000E+00, -0.2000E+00,  0.0000E+00,  0.2000E+00,  0.0000E+00,  0.0000E+00,
 -0.2000E+00,  0.0000E+00,  0.2000E+00,  0.0000E+00,  0.0000E+00,  0.0000E+00,
  0.0000E+00, -0.2000E+00,  0.0000E+00,  0.0000E+00,  0.0000E+00,  0.2000E+00,
 -0.2000E+00, -0.2000E+00,  0.0000E+00,  0.2000E+00,  0.0000E+00,  0.0000E+00,
 -0.2000E+00,  0.0000E+00,  0.2000E+00,  0.0000E+00,  0.0000E+00,  0.0000E+00,
  0.0000E+00, -0.2000E+00,  0.0000E+00,  0.0000E+00,  0.0000E+00,  0.2000E+00,
 -0.2000E+00, -0.2000E+00,  0.0000E+00,  0.2000E+00,  0.0000E+00,  0.0000E+00,
 -0.2000E+00,  0.0000E+00,  0.2000E+00,  0.0000E+00,  0.0000E+00,  0.0000E+00,
  0.0000E+00, -0.2000E+00,  0.0000E+00,  0.0000E+00,  0.0000E+00,  0.2000E+00,
 -0.2000E+00, -0.2000E+00,  0.0000E+00,  0.2000E+00,  0.0000E+00,  0.0000E+00,
  0.0000E+00,  0.0000E+00, -0.6667E-01,  0.0000E+00,  0.6667E-01,  0.0000E+00,
  0.0000E+00,  0.6667E-01,  0.0000E+00, -0.6667E-01,  0.0000E+00,  0.0000E+00,
  0.6667E-01,  0.0000E+00, -0.6667E-01, -0.6667E-01,  0.6667E-01,  0.6667E-01,
  0.0000E+00,  0.0000E+00, -0.6667E-01,  0.0000E+00,  0.6667E-01,  0.0000E+00,
  0.0000E+00,  0.6667E-01,  0.0000E+00, -0.6667E-01,  0.0000E+00,  0.0000E+00,
  0.6667E-01,  0.0000E+00, -0.6667E-01, -0.6667E-01,  0.6667E-01,  0.6667E-01,
  0.0000E+00,  0.0000E+00, -0.6667E-01,  0.0000E+00,  0.6667E-01,  0.0000E+00,
  0.0000E+00,  0.6667E-01,  0.0000E+00, -0.6667E-01,  0.0000E+00,  0.0000E+00,
  0.6667E-01,  0.0000E+00, -0.6667E-01, -0.6667E-01,  0.6667E-01,  0.6667E-01,
  0.0000E+00,  0.0000E+00, -0.6667E-01,  0.0000E+00,  0.6667E-01,  0.0000E+00,
  0.0000E+00,  0.6667E-01,  0.0000E+00, -0.6667E-01,  0.0000E+00,  0.0000E+00,
  0.6667E-01,  0.0000E+00, -0.6667E-01, -0.6667E-01,  0.6667E-01,  0.6667E-01,
  0.0000E+00,  0.0000E+00, -0.6667E-01,  0.0000E+00,  0.6667E-01,  0.0000E+00,
  0.0000E+00,  0.6667E-01,  0.0000E+00, -0.6667E-01,  0.0000E+00,  0.0000E+00,
  0.6667E-01,  0.0000E+00, -0.6667E-01, -0.6667E-01,  0.6667E-01,  0.6667E-01,
  0.0000E+00,  0.0000E+00, -0.6667E-01,  0.0000E+00,  0.6667E-01,  0.0000E+00,
  0.0000E+00,  0.6667E-01,  0.0000E+00, -0.6667E-01,  0.0000E+00,  0.0000E+00,
  0.6667E-01,  0.0000E+00, -0.6667E-01, -0.6667E-01,  0.6667E-01,  0.6667E-01,
  0.0000E+00,  0.0000E+00, -0.6667E-01,  0.0000E+00,  0.6667E-01,  0.0000E+00,
  0.0000E+00,  0.6667E-01,  0.0000E+00, -0.6667E-01,  0.0000E+00,  0.0000E+00,
  0.6667E-01,  0.0000E+00, -0.6667E-01, -0.6667E-01,  0.6667E-01,  0.6667E-01,
  0.0000E+00,  0.0000E+00, -0.6667E-01,  0.0000E+00,  0.6667E-01,  0.0000E+00,
  0.0000E+00,  0.6667E-01,  0.0000E+00, -0.6667E-01,  0.0000E+00,  0.0000E+00,
  0.6667E-01,  0.0000E+00, -0.6667E-01, -0.6667E-01,  0.6667E-01,  0.6667E-01,
  0.0000E+00,  0.0000E+00, -0.6667E-01,  0.0000E+00,  0.6667E-01,  0.0000E+00,
  0.0000E+00,  0.6667E-01,  0.0000E+00, -0.6667E-01,  0.0000E+00,  0.0000E+00,
  0.6667E-01,  0.0000E+00, -0.6667E-01, -0.6667E-01,  0.6667E-01,  0.6667E-01,
  0.0000E+00,  0.0000E+00, -0.6667E-01,  0.0000E+00,  0.6667E-01,  0.0000E+00,
  0.0000E+00,  0.6667E-01,  0.0000E+00, -0.6667E-01,  0.0000E+00,  0.0000E+00,
  0.6667E-01,  0.0000E+00, -0.6667E-01, -0.6667E-01,  0.6667E-01,  0.6667E-01,
 -0.2000E+00,  0.0000E+00,  0.2000E+00,  0.0000E+00,  0.0000E+00,  0.0000E+00,
  0.0000E+00, -0.2000E+00,  0.0000E+00,  0.0000E+00,  0.0000E+00,  0.2000E+00,
 -0.2000E+00, -0.2000E+00,  0.0000E+00,  0.2000E+00,  0.0000E+00,  0.0000E+00,
 -0.2000E+00,  0.0000E+00,  0.2000E+00,  0.0000E+00,  0.0000E+00,  0.0000E+00,
  0.0000E+00, -0.2000E+00,  0.0000E+00,  0.0000E+00,  0.0000E+00,  0.2000E+00,
 -0.2000E+00, -0.2000E+00,  0.0000E+00,  0.2000E+00,  0.0000E+00,  0.0000E+00,
 -0.2000E+00,  0.0000E+00,  0.2000E+00,  0.0000E+00,  0.0000E+00,  0.0000E+00,
  0.0000E+00, -0.2000E+00,  0.0000E+00,  0.0000E+00,  0.0000E+00,  0.2000E+00,
 -0.2000E+00, -0.2000E+00,  0.0000E+00,  0.2000E+00,  0.0000E+00,  0.0000E+00,
 -0.2000E+00,  0.0000E+00,  0.2000E+00,  0.0000E+00,  0.0000E+00,  0.0000E+00,
  0.0000E+00, -0.2000E+00,  0.0000E+00,  0.0000E+00,  0.0000E+00,  0.2000E+00,
 -0.2000E+00, -0.2000E+00,  0.0000E+00,  0.2000E+00,  0.0000E+00,  0.0000E+00,
 -0.2000E+00,  0.0000E+00,  0.2000E+00,  0.0000E+00,  0.0000E+00,  0.0000E+00,
  0.0000E+00, -0.2000E+00,  0.0000E+00,  0.0000E+00,  0.0000E+00,  0.2000E+00,
 -0.2000E+00, -0.2000E+00,  0.0000E+00,  0.2000E+00,  0.0000E+00,  0.0000E+00,
 -0.2000E+00,  0.0000E+00,  0.2000E+00,  0.0000E+00,  0.0000E+00,  0.0000E+00,
  0.0000E+00, -0.2000E+00,  0.0000E+00,  0.0000E+00,  0.0000E+00,  0.2000E+00,
 -0.2000E+00, -0.2000E+00,  0.0000E+00,  0.2000E+00,  0.0000E+00,  0.0000E+00,
 -0.2000E+00,  0.0000E+00,  0.2000E+00,  0.0000E+00,  0.0000E+00,  0.0000E+00,
  0.0000E+00, -0.2000E+00,  0.0000E+00,  0.0000E+00,  0.0000E+00,  0.2000E+00,
 -0.2000E+00, -0.2000E+00,  0.0000E+00,  0.2000E+00,  0.0000E+00,  0.0000E+00,
 -0.2000E+00,  0.0000E+00,  0.2000E+00,  0.0000E+00,  0.0000E+00,  0.0000E+00,
  0.0000E+00, -0.2000E+00,  0.0000E+00,  0.0000E+00,  0.0000E+00,  0.2000E+00,
 -0.2000E+00, -0.2000E+00,  0.0000E+00,  0.2000E+00,  0.0000E+00,  0.0000E+00,
 -0.2000E+00,  0.0000E+00,  0.2000E+00,  0.0000E+00,  0.0000E+00,  0.0000E+00,
  0.0000E+00, -0.2000E+00,  0.0000E+00,  0.0000E+00,  0.0000E+00,  0.2000E+00,
 -0.2000E+00, -0.2000E+00,  0.0000E+00,  0.2000E+00,  0.0000E+00,  0.0000E+00,
 -0.2000E+00,  0.0000E+00,  0.2000E+00,  0.0000E+00,  0.0000E+00,  0.0000E+00,
  0.0000E+00, -0.2000E+00,  0.0000E+00,  0.0000E+00,  0.0000E+00,  0.2000E+00,
 -0.2000E+00, -0.2000E+00,  0.0000E+00,  0.2000E+00,  0.0000E+00,  0.0000E+00,
  0.0000E+00,  0.0000E+00, -0.5000E-01,  0.0000E+00,  0.5000E-01,  0.0000E+00,
  0.0000E+00,  0.5000E-01,  0.0000E+00, -0.5000E-01,  0.0000E+00,  0.0000E+00,
  0.5000E-01,  0.0000E+00, -0.5000E-01, -0.5000E-01,  0.5000E-01,  0.5000E-01,
  0.0000E+00,  0.0000E+00, -0.5000E-01,  0.0000E+00,  0.5000E-01,  0.0000E+00,
  0.0000E+00,  0.5000E-01,  0.0000E+00, -0.5000E-01,  0.0000E+00,  0.0000E+00,
  0.5000E-01,  0.0000E+00, -0.5000E-01, -0.5000E-01,  0.5000E-01,  0.5000E-01,
  0.0000E+00,  0.0000E+00, -0.5000E-01,  0.0000E+00,  0.5000E-01,  0.0000E+00,
  0.0000E+00,  0.5000E-01,  0.0000E+00, -0.5000E-01,  0.0000E+00,  0.0000E+00,
  0.5000E-01,  0.0000E+00, -0.5000E-01, -0.5000E-01,  0.5000E-01,  0.5000E-01,
  0.0000E+00,  0.0000E+00, -0.5000E-01,  0.0000E+00,  0.5000E-01,  0.0000E+00,
  0.0000E+00,  0.5000E-01,  0.0000E+00, -0.5000E-01,  0.0000E+00,  0.0000E+00,
  0.5000E-01,  0.0000E+00, -0.5000E-01, -0.5000E-01,  0.5000E-01,  0.5000E-01,
  0.0000E+00,  0.0000E+00, -0.5000E-01,  0.0000E+00,  0.5000E-01,  0.0000E+00,
  0.0000E+00,  0.5000E-01,  0.0000E+00, -0.5000E-01,  0.0000E+00,  0.0000E+00,
  0.5000E-01,  0.0000E+00, -0.5000E-01, -0.5000E-01,  0.5000E-01,  0.5000E-01,
  0.0000E+00,  0.0000E+00, -0.5000E-01,  0.0000E+00,  0.5000E-01,  0.0000E+00,
  0.0000E+00,  0.5000E-01,  0.0000E+00, -0.5000E-01,  0.0000E+00,  0.0000E+00,
  0.5000E-01,  0.0000E+00, -0.5000E-01, -0.5000E-01,  0.5000E-01,  0.5000E-01,
  0.0000E+00,  0.0000E+00, -0.5000E-01,  0.0000E+00,  0.5000E-01,  0.0000E+00,
  0.0000E+00,  0.5000E-01,  0.0000E+00, -0.5000E-01,  0.0000E+00,  0.0000E+00,
  0.5000E-01,  0.0000E+00, -0.5000E-01, -0.5000E-01,  0.5000E-01,  0.5000E-01,
  0.0000E+00,  0.0000E+00, -0.5000E-01,  0.0000E+00,  0.5000E-01,  0.0000E+00,
  0.0000E+00,  0.5000E-01,  0.0000E+00, -0.5000E-01,  0.0000E+00,  0.0000E+00,
  0.5000E-01,  0.0000E+00, -0.5000E-01, -0.5000E-01,  0.5000E-01,  0.5000E-01,
  0.0000E+00,  0.0000E+00, -0.5000E-01,  0.0000E+00,  0.5000E-01,  0.0000E+00,
  0.0000E+00,  0.5000E-01,  0.0000E+00, -0.5000E-01,  0.0000E+00,  0.0000E+00,
  0.5000E-01,  0.0000E+00, -0.5000E-01, -0.5000E-01,  0.5000E-01,  0.5000E-01,
  0.0000E+00,  0.0000E+00, -0.5000E-01,  0.0000E+00,  0.5000E-01,  0.0000E+00,
  0.0000E+00,  0.5000E-01,  0.0000E+00, -0.5000E-01,  0.0000E+00,  0.0000E+00,
  0.5000E-01,  0.0000E+00, -0.5000E-01, -0.5000E-01,  0.5000E-01,  0.5000E-01,
