 TK(i, i)
 250000.0000
 250000.0000
 500000.0000
 500000.0000
 500000.0000
 500000.0000
 500000.0000
 500000.0000
 500000.0000
 500000.0000
 500000.0000
 500000.0000
 500000.0000
 500000.0000
 500000.0000
 500000.0000
 500000.0000
 500000.0000
 500000.0000
 500000.0000
 250000.0000
 250000.0000
 500000.0000
 500000.0000
1000000.0000
1000000.0000
1000000.0000
1000000.0000
1000000.0000
1000000.0000
1000000.0000
1000000.0000
1000000.0000
1000000.0000
1000000.0000
1000000.0000
1000000.0000
1000000.0000
1000000.0000
1000000.0000
1000000.0000
1000000.0000
 500000.0000
 500000.0000
 500000.0000
 500000.0000
1000000.0000
1000000.0000
1000000.0000
1000000.0000
1000000.0000
1000000.0000
1000000.0000
1000000.0000
1000000.0000
1000000.0000
1000000.0000
1000000.0000
1000000.0000
1000000.0000
1000000.0000
1000000.0000
1000000.0000
1000000.0000
 500000.0000
 500000.0000
 500000.0000
 500000.0000
1000000.0000
1000000.0000
1000000.0000
1000000.0000
1000000.0000
1000000.0000
1000000.0000
1000000.0000
1000000.0000
1000000.0000
1000000.0000
1000000.0000
1000000.0000
1000000.0000
1000000.0000
1000000.0000
1000000.0000
1000000.0000
 500000.0000
 500000.0000
 500000.0000
 500000.0000
1000000.0000
1000000.0000
1000000.0000
1000000.0000
1000000.0000
1000000.0000
1000000.0000
1000000.0000
1000000.0000
1000000.0000
1000000.0000
1000000.0000
1000000.0000
1000000.0000
1000000.0000
1000000.0000
1000000.0000
1000000.0000
 500000.0000
 500000.0000
 500000.0000
 500000.0000
1000000.0000
1000000.0000
1000000.0000
1000000.0000
1000000.0000
1000000.0000
1000000.0000
1000000.0000
1000000.0000
1000000.0000
1000000.0000
1000000.0000
1000000.0000
1000000.0000
1000000.0000
1000000.0000
1000000.0000
1000000.0000
 500000.0000
 500000.0000
 500000.0000
 500000.0000
1000000.0000
1000000.0000
1000000.0000
1000000.0000
1000000.0000
1000000.0000
1000000.0000
1000000.0000
1000000.0000
1000000.0000
1000000.0000
1000000.0000
1000000.0000
1000000.0000
1000000.0000
1000000.0000
1000000.0000
1000000.0000
 500000.0000
 500000.0000
 500000.0000
 500000.0000
1000000.0000
1000000.0000
1000000.0000
1000000.0000
1000000.0000
1000000.0000
1000000.0000
1000000.0000
1000000.0000
1000000.0000
1000000.0000
1000000.0000
1000000.0000
1000000.0000
1000000.0000
1000000.0000
1000000.0000
1000000.0000
 500000.0000
 500000.0000
 500000.0000
 500000.0000
1000000.0000
1000000.0000
1000000.0000
1000000.0000
1000000.0000
1000000.0000
1000000.0000
1000000.0000
1000000.0000
1000000.0000
1000000.0000
1000000.0000
1000000.0000
1000000.0000
1000000.0000
1000000.0000
1000000.0000
1000000.0000
 500000.0000
 500000.0000
 500000.0000
 500000.0000
1000000.0000
1000000.0000
1000000.0000
1000000.0000
1000000.0000
1000000.0000
1000000.0000
1000000.0000
1000000.0000
1000000.0000
1000000.0000
1000000.0000
1000000.0000
1000000.0000
1000000.0000
1000000.0000
1000000.0000
1000000.0000
 500000.0000
 500000.0000
 250000.0000
 250000.0000
 500000.0000
 500000.0000
 500000.0000
 500000.0000
 500000.0000
 500000.0000
 500000.0000
 500000.0000
 500000.0000
 500000.0000
 500000.0000
 500000.0000
 500000.0000
 500000.0000
 500000.0000
 500000.0000
 500000.0000
 500000.0000
 250000.0000
 250000.0000
