 TK(i, i)
 250000.0000
 250000.0000
 328571.4286
 471428.5714
 328571.4286
 471428.5714
 328571.4286
 471428.5714
 328571.4286
 471428.5714
 328571.4286
 471428.5714
 328571.4286
 471428.5714
 328571.4286
 471428.5714
 328571.4286
 471428.5714
 328571.4286
 471428.5714
  78571.4286
 221428.5714
 471428.5714
 328571.4286
 610714.2857
 601785.7143
 610714.2857
 601785.7143
 610714.2857
 601785.7143
 610714.2857
 601785.7143
 610714.2857
 601785.7143
 610714.2857
 601785.7143
 610714.2857
 601785.7143
 610714.2857
 601785.7143
 610714.2857
 601785.7143
 139285.7143
 273214.2857
 473214.2857
 339285.7143
 642857.1429
 627976.1905
 642857.1429
 627976.1905
 642857.1429
 627976.1905
 642857.1429
 627976.1905
 642857.1429
 627976.1905
 642857.1429
 627976.1905
 642857.1429
 627976.1905
 642857.1429
 627976.1905
 642857.1429
 627976.1905
 169642.8571
 288690.4762
 476190.4762
 357142.8571
 702380.9524
 672619.0476
 702380.9524
 672619.0476
 702380.9524
 672619.0476
 702380.9524
 672619.0476
 702380.9524
 672619.0476
 702380.9524
 672619.0476
 702380.9524
 672619.0476
 702380.9524
 672619.0476
 702380.9524
 672619.0476
 226190.4762
 315476.1905
 482142.8571
 392857.1429
 857142.8571
 767857.1429
 857142.8571
 767857.1429
 857142.8571
 767857.1429
 857142.8571
 767857.1429
 857142.8571
 767857.1429
 857142.8571
 767857.1429
 857142.8571
 767857.1429
 857142.8571
 767857.1429
 857142.8571
 767857.1429
 375000.0000
 375000.0000
 500000.0000
 500000.0000
         NaN
         NaN
         NaN
         NaN
         NaN
         NaN
         NaN
         NaN
         NaN
         NaN
         NaN
         NaN
         NaN
         NaN
         NaN
         NaN
         NaN
         NaN
         NaN
         NaN
         NaN
         NaN
         NaN
         NaN
         NaN
         NaN
         NaN
         NaN
         NaN
         NaN
         NaN
         NaN
         NaN
         NaN
         NaN
         NaN
         NaN
         NaN
         NaN
         NaN
         NaN
         NaN
 428571.4286
  71428.5714
 107142.8571
  17857.1429
 107142.8571
  17857.1429
 107142.8571
  17857.1429
 107142.8571
  17857.1429
 107142.8571
  17857.1429
 107142.8571
  17857.1429
 107142.8571
  17857.1429
 107142.8571
  17857.1429
 107142.8571
  17857.1429
-321428.5714
 -53571.4286
 446428.5714
 178571.4286
 285714.2857
 255952.3810
 285714.2857
 255952.3810
 285714.2857
 255952.3810
 285714.2857
 255952.3810
 285714.2857
 255952.3810
 285714.2857
 255952.3810
 285714.2857
 255952.3810
 285714.2857
 255952.3810
 285714.2857
 255952.3810
-160714.2857
  77380.9524
 452380.9524
 214285.7143
 351190.4762
 336309.5238
 351190.4762
 336309.5238
 351190.4762
 336309.5238
 351190.4762
 336309.5238
 351190.4762
 336309.5238
 351190.4762
 336309.5238
 351190.4762
 336309.5238
 351190.4762
 336309.5238
 351190.4762
 336309.5238
-101190.4762
 122023.8095
 205357.1429
 -17857.1429
 142857.1429
 -80357.1429
 142857.1429
 -80357.1429
 142857.1429
 -80357.1429
 142857.1429
 -80357.1429
 142857.1429
 -80357.1429
 142857.1429
 -80357.1429
 142857.1429
 -80357.1429
 142857.1429
 -80357.1429
 142857.1429
 -80357.1429
 -62500.0000
 -62500.0000
